557056 -1 #SUP: 16
532555 -1 #SUP: 11
557132 -1 #SUP: 12
557135 -1 #SUP: 19
557125 -1 #SUP: 15
557139 -1 #SUP: 12
557298 -1 #SUP: 19
532850 -1 #SUP: 13
532879 -1 #SUP: 11
532866 -1 #SUP: 15
532889 -1 #SUP: 14
532884 -1 #SUP: 11
557595 -1 #SUP: 13
557588 -1 #SUP: 11
557591 -1 #SUP: 21
557609 -1 #SUP: 13
557606 -1 #SUP: 22
533067 -1 #SUP: 14
533103 -1 #SUP: 18
533119 -1 #SUP: 12
533104 -1 #SUP: 11
533107 -1 #SUP: 16
557704 -1 #SUP: 13
533132 -1 #SUP: 13
533133 -1 #SUP: 17
557696 -1 #SUP: 20
533122 -1 #SUP: 13
533123 -1 #SUP: 12
533125 -1 #SUP: 24
533126 -1 #SUP: 22
533150 -1 #SUP: 18
533137 -1 #SUP: 17
533138 -1 #SUP: 18
533139 -1 #SUP: 16
557735 -1 #SUP: 14
533176 -1 #SUP: 23
533177 -1 #SUP: 21
533178 -1 #SUP: 14
533180 -1 #SUP: 42
533181 -1 #SUP: 65
533182 -1 #SUP: 79
533183 -1 #SUP: 52
533169 -1 #SUP: 19
533170 -1 #SUP: 14
557781 -1 #SUP: 16
557806 -1 #SUP: 16
557807 -1 #SUP: 159
557808 -1 #SUP: 87
557811 -1 #SUP: 72
533258 -1 #SUP: 11
533261 -1 #SUP: 12
533249 -1 #SUP: 11
557830 -1 #SUP: 14
557855 -1 #SUP: 20
557856 -1 #SUP: 39
533280 -1 #SUP: 15
557859 -1 #SUP: 82
557860 -1 #SUP: 27
533285 -1 #SUP: 11
557862 -1 #SUP: 23
557863 -1 #SUP: 38
557881 -1 #SUP: 113
557882 -1 #SUP: 119
557885 -1 #SUP: 17
557886 -1 #SUP: 70
557872 -1 #SUP: 52
557873 -1 #SUP: 63
557875 -1 #SUP: 39
557877 -1 #SUP: 49
557878 -1 #SUP: 115
557879 -1 #SUP: 43
557897 -1 #SUP: 14
557889 -1 #SUP: 15
557890 -1 #SUP: 19
557893 -1 #SUP: 11
557894 -1 #SUP: 34
557895 -1 #SUP: 12
557934 -1 #SUP: 21
557935 -1 #SUP: 16
557940 -1 #SUP: 16
557942 -1 #SUP: 15
557961 -1 #SUP: 17
557956 -1 #SUP: 31
557958 -1 #SUP: 34
557979 -1 #SUP: 15
557981 -1 #SUP: 16
557970 -1 #SUP: 20
557971 -1 #SUP: 17
557992 -1 #SUP: 17
557993 -1 #SUP: 21
557994 -1 #SUP: 35
557995 -1 #SUP: 17
557997 -1 #SUP: 23
557985 -1 #SUP: 23
533410 -1 #SUP: 49
557988 -1 #SUP: 15
557990 -1 #SUP: 12
533415 -1 #SUP: 46
558005 -1 #SUP: 27
558006 -1 #SUP: 20
558036 -1 #SUP: 27
558038 -1 #SUP: 36
558039 -1 #SUP: 17
533656 -1 #SUP: 36
533659 -1 #SUP: 15
533650 -1 #SUP: 20
533651 -1 #SUP: 11
533652 -1 #SUP: 21
533653 -1 #SUP: 28
533655 -1 #SUP: 22
533674 -1 #SUP: 11
533767 -1 #SUP: 11
533785 -1 #SUP: 12
533777 -1 #SUP: 16
533928 -1 #SUP: 19
533934 -1 #SUP: 21
533935 -1 #SUP: 38
533921 -1 #SUP: 21
533946 -1 #SUP: 11
533936 -1 #SUP: 22
533985 -1 #SUP: 19
533986 -1 #SUP: 17
533990 -1 #SUP: 13
533991 -1 #SUP: 11
534008 -1 #SUP: 22
534011 -1 #SUP: 18
534004 -1 #SUP: 11
534024 -1 #SUP: 14
534027 -1 #SUP: 37
534028 -1 #SUP: 24
534031 -1 #SUP: 38
534020 -1 #SUP: 43
534021 -1 #SUP: 20
534023 -1 #SUP: 12
534040 -1 #SUP: 31
534041 -1 #SUP: 35
534042 -1 #SUP: 15
534045 -1 #SUP: 29
534046 -1 #SUP: 42
534047 -1 #SUP: 16
534037 -1 #SUP: 41
534038 -1 #SUP: 22
534056 -1 #SUP: 29
534057 -1 #SUP: 12
534058 -1 #SUP: 30
534060 -1 #SUP: 20
534061 -1 #SUP: 28
534062 -1 #SUP: 16
534048 -1 #SUP: 30
534049 -1 #SUP: 20
534050 -1 #SUP: 30
534051 -1 #SUP: 28
534054 -1 #SUP: 28
534055 -1 #SUP: 29
534077 -1 #SUP: 11
534069 -1 #SUP: 15
534090 -1 #SUP: 28
534091 -1 #SUP: 40
534092 -1 #SUP: 41
534095 -1 #SUP: 27
534084 -1 #SUP: 49
534085 -1 #SUP: 24
534086 -1 #SUP: 15
534087 -1 #SUP: 34
534111 -1 #SUP: 13
534096 -1 #SUP: 22
534120 -1 #SUP: 36
534123 -1 #SUP: 30
534126 -1 #SUP: 14
534127 -1 #SUP: 27
534113 -1 #SUP: 12
534136 -1 #SUP: 26
534137 -1 #SUP: 17
534138 -1 #SUP: 24
534139 -1 #SUP: 21
534140 -1 #SUP: 24
534141 -1 #SUP: 42
534142 -1 #SUP: 89
534143 -1 #SUP: 34
534128 -1 #SUP: 45
534129 -1 #SUP: 15
534131 -1 #SUP: 31
534132 -1 #SUP: 32
534133 -1 #SUP: 38
534153 -1 #SUP: 44
534154 -1 #SUP: 63
534155 -1 #SUP: 78
534156 -1 #SUP: 29
534157 -1 #SUP: 22
534158 -1 #SUP: 52
534159 -1 #SUP: 87
534144 -1 #SUP: 22
534145 -1 #SUP: 65
534146 -1 #SUP: 59
534148 -1 #SUP: 55
534150 -1 #SUP: 26
534151 -1 #SUP: 81
534168 -1 #SUP: 58
534169 -1 #SUP: 56
534170 -1 #SUP: 84
534171 -1 #SUP: 24
534172 -1 #SUP: 18
534173 -1 #SUP: 40
534174 -1 #SUP: 22
534175 -1 #SUP: 36
534160 -1 #SUP: 46
534162 -1 #SUP: 54
534163 -1 #SUP: 38
534164 -1 #SUP: 44
534165 -1 #SUP: 12
534166 -1 #SUP: 110
534167 -1 #SUP: 100
534185 -1 #SUP: 60
534186 -1 #SUP: 96
534187 -1 #SUP: 39
534188 -1 #SUP: 43
534191 -1 #SUP: 41
534176 -1 #SUP: 11
534179 -1 #SUP: 57
534180 -1 #SUP: 55
534181 -1 #SUP: 77
534182 -1 #SUP: 48
534200 -1 #SUP: 61
534201 -1 #SUP: 46
534202 -1 #SUP: 31
534203 -1 #SUP: 16
534204 -1 #SUP: 60
534205 -1 #SUP: 127
534206 -1 #SUP: 28
534192 -1 #SUP: 63
534193 -1 #SUP: 48
534194 -1 #SUP: 49
534195 -1 #SUP: 55
534196 -1 #SUP: 45
534197 -1 #SUP: 35
534199 -1 #SUP: 36
534216 -1 #SUP: 107
534217 -1 #SUP: 71
534218 -1 #SUP: 36
534219 -1 #SUP: 44
534220 -1 #SUP: 24
534221 -1 #SUP: 69
534222 -1 #SUP: 85
534223 -1 #SUP: 78
534208 -1 #SUP: 115
534209 -1 #SUP: 106
534211 -1 #SUP: 65
534212 -1 #SUP: 114
534213 -1 #SUP: 106
534214 -1 #SUP: 35
534215 -1 #SUP: 41
534232 -1 #SUP: 86
534233 -1 #SUP: 55
534234 -1 #SUP: 45
534236 -1 #SUP: 17
534237 -1 #SUP: 38
534238 -1 #SUP: 50
534239 -1 #SUP: 21
534224 -1 #SUP: 79
534225 -1 #SUP: 24
534226 -1 #SUP: 11
534227 -1 #SUP: 71
534228 -1 #SUP: 46
534229 -1 #SUP: 14
534230 -1 #SUP: 15
534231 -1 #SUP: 59
534248 -1 #SUP: 16
534250 -1 #SUP: 15
534251 -1 #SUP: 14
534252 -1 #SUP: 26
534254 -1 #SUP: 24
534255 -1 #SUP: 41
534240 -1 #SUP: 55
534241 -1 #SUP: 34
534243 -1 #SUP: 87
534244 -1 #SUP: 55
534245 -1 #SUP: 64
534246 -1 #SUP: 41
534264 -1 #SUP: 75
534265 -1 #SUP: 115
534266 -1 #SUP: 41
534267 -1 #SUP: 41
534268 -1 #SUP: 48
534269 -1 #SUP: 136
534270 -1 #SUP: 29
534271 -1 #SUP: 66
534256 -1 #SUP: 34
534257 -1 #SUP: 87
534258 -1 #SUP: 172
534259 -1 #SUP: 65
534260 -1 #SUP: 79
534261 -1 #SUP: 111
534262 -1 #SUP: 48
534263 -1 #SUP: 50
534280 -1 #SUP: 18
534281 -1 #SUP: 65
534282 -1 #SUP: 126
534283 -1 #SUP: 51
534284 -1 #SUP: 139
534285 -1 #SUP: 73
534286 -1 #SUP: 30
534287 -1 #SUP: 83
534272 -1 #SUP: 43
534273 -1 #SUP: 88
534274 -1 #SUP: 45
534275 -1 #SUP: 39
534276 -1 #SUP: 88
534277 -1 #SUP: 22
534278 -1 #SUP: 115
534279 -1 #SUP: 75
534296 -1 #SUP: 62
534297 -1 #SUP: 41
534299 -1 #SUP: 21
558875 -1 #SUP: 11
534301 -1 #SUP: 30
558878 -1 #SUP: 12
534303 -1 #SUP: 19
534288 -1 #SUP: 50
534289 -1 #SUP: 95
534290 -1 #SUP: 18
534291 -1 #SUP: 24
534292 -1 #SUP: 18
534293 -1 #SUP: 19
534294 -1 #SUP: 18
534295 -1 #SUP: 36
534312 -1 #SUP: 21
534315 -1 #SUP: 15
534316 -1 #SUP: 12
534317 -1 #SUP: 16
534318 -1 #SUP: 27
534319 -1 #SUP: 31
534304 -1 #SUP: 18
534305 -1 #SUP: 16
534306 -1 #SUP: 16
534307 -1 #SUP: 19
534308 -1 #SUP: 42
534309 -1 #SUP: 20
534311 -1 #SUP: 21
534328 -1 #SUP: 38
534329 -1 #SUP: 65
534330 -1 #SUP: 92
534331 -1 #SUP: 37
534332 -1 #SUP: 12
534335 -1 #SUP: 16
534320 -1 #SUP: 62
534321 -1 #SUP: 13
534322 -1 #SUP: 23
534323 -1 #SUP: 84
534324 -1 #SUP: 68
534325 -1 #SUP: 54
534327 -1 #SUP: 62
534344 -1 #SUP: 18
534345 -1 #SUP: 14
534346 -1 #SUP: 12
534347 -1 #SUP: 38
534336 -1 #SUP: 31
534338 -1 #SUP: 22
534341 -1 #SUP: 35
534342 -1 #SUP: 46
534343 -1 #SUP: 52
534352 -1 #SUP: 26
534353 -1 #SUP: 20
534354 -1 #SUP: 12
534378 -1 #SUP: 15
534382 -1 #SUP: 14
534368 -1 #SUP: 11
534396 -1 #SUP: 40
534399 -1 #SUP: 18
534384 -1 #SUP: 19
534386 -1 #SUP: 39
534387 -1 #SUP: 29
534390 -1 #SUP: 15
534391 -1 #SUP: 19
534414 -1 #SUP: 22
534415 -1 #SUP: 17
534401 -1 #SUP: 12
534403 -1 #SUP: 31
534431 -1 #SUP: 12
534416 -1 #SUP: 19
534419 -1 #SUP: 12
534420 -1 #SUP: 14
534472 -1 #SUP: 20
559048 -1 #SUP: 14
534473 -1 #SUP: 35
534474 -1 #SUP: 24
534477 -1 #SUP: 14
534468 -1 #SUP: 13
559044 -1 #SUP: 13
534470 -1 #SUP: 14
534488 -1 #SUP: 37
534489 -1 #SUP: 21
534490 -1 #SUP: 18
534491 -1 #SUP: 29
534493 -1 #SUP: 12
534494 -1 #SUP: 21
534495 -1 #SUP: 19
534480 -1 #SUP: 15
534481 -1 #SUP: 17
534484 -1 #SUP: 19
534487 -1 #SUP: 28
534504 -1 #SUP: 30
534505 -1 #SUP: 20
534506 -1 #SUP: 20
534507 -1 #SUP: 28
534508 -1 #SUP: 16
534509 -1 #SUP: 11
534510 -1 #SUP: 25
534511 -1 #SUP: 22
534496 -1 #SUP: 32
534497 -1 #SUP: 12
534499 -1 #SUP: 31
534500 -1 #SUP: 73
534501 -1 #SUP: 31
534502 -1 #SUP: 49
534503 -1 #SUP: 16
534512 -1 #SUP: 11
534513 -1 #SUP: 11
534519 -1 #SUP: 15
534542 -1 #SUP: 12
559108 -1 #SUP: 11
534552 -1 #SUP: 27
534555 -1 #SUP: 26
534544 -1 #SUP: 12
534548 -1 #SUP: 27
534549 -1 #SUP: 25
534551 -1 #SUP: 26
534568 -1 #SUP: 22
534569 -1 #SUP: 17
534570 -1 #SUP: 11
534571 -1 #SUP: 25
559151 -1 #SUP: 11
534560 -1 #SUP: 15
534563 -1 #SUP: 11
534564 -1 #SUP: 56
534566 -1 #SUP: 36
534567 -1 #SUP: 30
534581 -1 #SUP: 13
559177 -1 #SUP: 28
559205 -1 #SUP: 11
534649 -1 #SUP: 17
559225 -1 #SUP: 13
534652 -1 #SUP: 21
534653 -1 #SUP: 23
534655 -1 #SUP: 15
534641 -1 #SUP: 15
559221 -1 #SUP: 14
559222 -1 #SUP: 23
534664 -1 #SUP: 15
534665 -1 #SUP: 29
534666 -1 #SUP: 54
534667 -1 #SUP: 14
534671 -1 #SUP: 19
534656 -1 #SUP: 29
534659 -1 #SUP: 23
534660 -1 #SUP: 40
534661 -1 #SUP: 24
534662 -1 #SUP: 47
534663 -1 #SUP: 22
534680 -1 #SUP: 24
534681 -1 #SUP: 36
534683 -1 #SUP: 51
534684 -1 #SUP: 21
534685 -1 #SUP: 22
534686 -1 #SUP: 17
534687 -1 #SUP: 43
534678 -1 #SUP: 13
534696 -1 #SUP: 31
534697 -1 #SUP: 31
534698 -1 #SUP: 49
534699 -1 #SUP: 17
534700 -1 #SUP: 32
534701 -1 #SUP: 33
534702 -1 #SUP: 36
534703 -1 #SUP: 32
534688 -1 #SUP: 26
534689 -1 #SUP: 42
534690 -1 #SUP: 83
534691 -1 #SUP: 27
534692 -1 #SUP: 60
534694 -1 #SUP: 73
534695 -1 #SUP: 86
534712 -1 #SUP: 11
534713 -1 #SUP: 80
534714 -1 #SUP: 62
534715 -1 #SUP: 20
534716 -1 #SUP: 58
534717 -1 #SUP: 51
534718 -1 #SUP: 14
534719 -1 #SUP: 13
534704 -1 #SUP: 63
534706 -1 #SUP: 20
534707 -1 #SUP: 130
534708 -1 #SUP: 17
534710 -1 #SUP: 60
534711 -1 #SUP: 43
534728 -1 #SUP: 31
534730 -1 #SUP: 54
534731 -1 #SUP: 103
534732 -1 #SUP: 60
534734 -1 #SUP: 19
534735 -1 #SUP: 41
534721 -1 #SUP: 39
534723 -1 #SUP: 31
534724 -1 #SUP: 110
534725 -1 #SUP: 54
534726 -1 #SUP: 46
534727 -1 #SUP: 40
534744 -1 #SUP: 12
534745 -1 #SUP: 41
534746 -1 #SUP: 17
534747 -1 #SUP: 13
534748 -1 #SUP: 17
534749 -1 #SUP: 33
534750 -1 #SUP: 52
534751 -1 #SUP: 15
534736 -1 #SUP: 17
534738 -1 #SUP: 38
534741 -1 #SUP: 53
534742 -1 #SUP: 25
534743 -1 #SUP: 25
534760 -1 #SUP: 16
534761 -1 #SUP: 30
534762 -1 #SUP: 86
534763 -1 #SUP: 18
534764 -1 #SUP: 32
534765 -1 #SUP: 57
534766 -1 #SUP: 38
534752 -1 #SUP: 29
534753 -1 #SUP: 11
534754 -1 #SUP: 23
534755 -1 #SUP: 25
534758 -1 #SUP: 26
534776 -1 #SUP: 31
534777 -1 #SUP: 38
534778 -1 #SUP: 43
534779 -1 #SUP: 56
534783 -1 #SUP: 32
534768 -1 #SUP: 42
534771 -1 #SUP: 88
534772 -1 #SUP: 87
534773 -1 #SUP: 74
534774 -1 #SUP: 18
534775 -1 #SUP: 30
534792 -1 #SUP: 62
534793 -1 #SUP: 63
534794 -1 #SUP: 47
534795 -1 #SUP: 69
534796 -1 #SUP: 28
534797 -1 #SUP: 22
534798 -1 #SUP: 60
534799 -1 #SUP: 64
534784 -1 #SUP: 52
534785 -1 #SUP: 50
534786 -1 #SUP: 48
534787 -1 #SUP: 31
534788 -1 #SUP: 65
534789 -1 #SUP: 80
534790 -1 #SUP: 54
534791 -1 #SUP: 83
534808 -1 #SUP: 68
534809 -1 #SUP: 17
534810 -1 #SUP: 114
534811 -1 #SUP: 17
534812 -1 #SUP: 51
534813 -1 #SUP: 58
534814 -1 #SUP: 51
534815 -1 #SUP: 54
534800 -1 #SUP: 63
534801 -1 #SUP: 19
534802 -1 #SUP: 18
534803 -1 #SUP: 40
534804 -1 #SUP: 41
534807 -1 #SUP: 51
534824 -1 #SUP: 80
534825 -1 #SUP: 26
534826 -1 #SUP: 64
534827 -1 #SUP: 64
534828 -1 #SUP: 67
534829 -1 #SUP: 26
534831 -1 #SUP: 46
534816 -1 #SUP: 134
534817 -1 #SUP: 53
534818 -1 #SUP: 11
534819 -1 #SUP: 129
534820 -1 #SUP: 147
534821 -1 #SUP: 162
534822 -1 #SUP: 34
534823 -1 #SUP: 38
534840 -1 #SUP: 82
534841 -1 #SUP: 150
534842 -1 #SUP: 118
534843 -1 #SUP: 45
534844 -1 #SUP: 18
534845 -1 #SUP: 46
534846 -1 #SUP: 117
534847 -1 #SUP: 129
534832 -1 #SUP: 80
534833 -1 #SUP: 89
534834 -1 #SUP: 47
534835 -1 #SUP: 16
534836 -1 #SUP: 50
534837 -1 #SUP: 142
534838 -1 #SUP: 162
534839 -1 #SUP: 83
534856 -1 #SUP: 67
534858 -1 #SUP: 37
534859 -1 #SUP: 37
534860 -1 #SUP: 54
534861 -1 #SUP: 99
534848 -1 #SUP: 68
534849 -1 #SUP: 49
534851 -1 #SUP: 59
534852 -1 #SUP: 58
534853 -1 #SUP: 73
534855 -1 #SUP: 50
534872 -1 #SUP: 137
534873 -1 #SUP: 62
534874 -1 #SUP: 57
534875 -1 #SUP: 99
534876 -1 #SUP: 86
534877 -1 #SUP: 69
534878 -1 #SUP: 55
534879 -1 #SUP: 116
534864 -1 #SUP: 23
534865 -1 #SUP: 25
534866 -1 #SUP: 30
534867 -1 #SUP: 83
534868 -1 #SUP: 90
534869 -1 #SUP: 16
534870 -1 #SUP: 46
534871 -1 #SUP: 141
534888 -1 #SUP: 109
534890 -1 #SUP: 47
534891 -1 #SUP: 102
534892 -1 #SUP: 78
534893 -1 #SUP: 96
534894 -1 #SUP: 64
534895 -1 #SUP: 22
534880 -1 #SUP: 55
534881 -1 #SUP: 62
534882 -1 #SUP: 71
534883 -1 #SUP: 37
534884 -1 #SUP: 151
534885 -1 #SUP: 78
534886 -1 #SUP: 28
534887 -1 #SUP: 87
534904 -1 #SUP: 36
534906 -1 #SUP: 60
534907 -1 #SUP: 59
534908 -1 #SUP: 27
534910 -1 #SUP: 47
534911 -1 #SUP: 74
534896 -1 #SUP: 22
534897 -1 #SUP: 14
534898 -1 #SUP: 17
534899 -1 #SUP: 30
534902 -1 #SUP: 13
534903 -1 #SUP: 33
534920 -1 #SUP: 18
534921 -1 #SUP: 141
534922 -1 #SUP: 67
534924 -1 #SUP: 12
534925 -1 #SUP: 58
534926 -1 #SUP: 64
534927 -1 #SUP: 73
534912 -1 #SUP: 34
534915 -1 #SUP: 39
534916 -1 #SUP: 87
534917 -1 #SUP: 96
534918 -1 #SUP: 61
534919 -1 #SUP: 29
534936 -1 #SUP: 69
534938 -1 #SUP: 39
534939 -1 #SUP: 32
534940 -1 #SUP: 41
534941 -1 #SUP: 53
534942 -1 #SUP: 20
534943 -1 #SUP: 46
534928 -1 #SUP: 58
534930 -1 #SUP: 62
534931 -1 #SUP: 90
534932 -1 #SUP: 43
534934 -1 #SUP: 54
534935 -1 #SUP: 95
534952 -1 #SUP: 76
534953 -1 #SUP: 70
534954 -1 #SUP: 56
534955 -1 #SUP: 53
534956 -1 #SUP: 16
534957 -1 #SUP: 69
534958 -1 #SUP: 101
534959 -1 #SUP: 54
534944 -1 #SUP: 58
534945 -1 #SUP: 26
534946 -1 #SUP: 43
534947 -1 #SUP: 126
534948 -1 #SUP: 132
534949 -1 #SUP: 103
534950 -1 #SUP: 102
534951 -1 #SUP: 34
534968 -1 #SUP: 16
534969 -1 #SUP: 13
534970 -1 #SUP: 53
534971 -1 #SUP: 54
534972 -1 #SUP: 95
534973 -1 #SUP: 34
534974 -1 #SUP: 79
534975 -1 #SUP: 47
534960 -1 #SUP: 69
534961 -1 #SUP: 99
534962 -1 #SUP: 61
534963 -1 #SUP: 27
534964 -1 #SUP: 11
534965 -1 #SUP: 26
534966 -1 #SUP: 49
534967 -1 #SUP: 33
534984 -1 #SUP: 77
534985 -1 #SUP: 57
534986 -1 #SUP: 12
534987 -1 #SUP: 13
534988 -1 #SUP: 59
534989 -1 #SUP: 56
534991 -1 #SUP: 30
534977 -1 #SUP: 68
534978 -1 #SUP: 111
534979 -1 #SUP: 53
534980 -1 #SUP: 58
534981 -1 #SUP: 26
534983 -1 #SUP: 22
535000 -1 #SUP: 71
535001 -1 #SUP: 48
535002 -1 #SUP: 130
535003 -1 #SUP: 76
535004 -1 #SUP: 73
535005 -1 #SUP: 48
535006 -1 #SUP: 38
535007 -1 #SUP: 43
534993 -1 #SUP: 49
534994 -1 #SUP: 128
534995 -1 #SUP: 75
534997 -1 #SUP: 27
534998 -1 #SUP: 37
534999 -1 #SUP: 68
535017 -1 #SUP: 31
535018 -1 #SUP: 17
535019 -1 #SUP: 29
535020 -1 #SUP: 35
535022 -1 #SUP: 16
535023 -1 #SUP: 23
535008 -1 #SUP: 52
535009 -1 #SUP: 16
535010 -1 #SUP: 33
535013 -1 #SUP: 26
535014 -1 #SUP: 21
535015 -1 #SUP: 29
535032 -1 #SUP: 61
535033 -1 #SUP: 46
535034 -1 #SUP: 62
535036 -1 #SUP: 11
535037 -1 #SUP: 26
535038 -1 #SUP: 66
535039 -1 #SUP: 30
535024 -1 #SUP: 91
535025 -1 #SUP: 34
535026 -1 #SUP: 16
535027 -1 #SUP: 70
535028 -1 #SUP: 43
535029 -1 #SUP: 17
535030 -1 #SUP: 87
535048 -1 #SUP: 14
535049 -1 #SUP: 49
535050 -1 #SUP: 20
535051 -1 #SUP: 13
535052 -1 #SUP: 43
535053 -1 #SUP: 24
535054 -1 #SUP: 12
535040 -1 #SUP: 61
535041 -1 #SUP: 67
535042 -1 #SUP: 74
535043 -1 #SUP: 45
535044 -1 #SUP: 47
535045 -1 #SUP: 39
535046 -1 #SUP: 85
535066 -1 #SUP: 23
535067 -1 #SUP: 19
535068 -1 #SUP: 34
535069 -1 #SUP: 12
535071 -1 #SUP: 53
535057 -1 #SUP: 13
535058 -1 #SUP: 11
535082 -1 #SUP: 12
535084 -1 #SUP: 32
535085 -1 #SUP: 58
535086 -1 #SUP: 14
535087 -1 #SUP: 36
535073 -1 #SUP: 21
535077 -1 #SUP: 28
535078 -1 #SUP: 35
535079 -1 #SUP: 43
535096 -1 #SUP: 28
535097 -1 #SUP: 36
535098 -1 #SUP: 26
535099 -1 #SUP: 36
535100 -1 #SUP: 49
535101 -1 #SUP: 36
535102 -1 #SUP: 14
535103 -1 #SUP: 28
535088 -1 #SUP: 49
535089 -1 #SUP: 52
535090 -1 #SUP: 60
535091 -1 #SUP: 24
535092 -1 #SUP: 24
535095 -1 #SUP: 16
535112 -1 #SUP: 24
535113 -1 #SUP: 49
535114 -1 #SUP: 42
535116 -1 #SUP: 41
535117 -1 #SUP: 40
535118 -1 #SUP: 27
535119 -1 #SUP: 37
535104 -1 #SUP: 78
535105 -1 #SUP: 23
535106 -1 #SUP: 24
535107 -1 #SUP: 52
535108 -1 #SUP: 86
535110 -1 #SUP: 57
535111 -1 #SUP: 34
535128 -1 #SUP: 29
535129 -1 #SUP: 46
535130 -1 #SUP: 41
535131 -1 #SUP: 61
535132 -1 #SUP: 25
535133 -1 #SUP: 11
535134 -1 #SUP: 15
535135 -1 #SUP: 29
535120 -1 #SUP: 87
535121 -1 #SUP: 72
535122 -1 #SUP: 12
535123 -1 #SUP: 60
535124 -1 #SUP: 123
535125 -1 #SUP: 36
535126 -1 #SUP: 79
535127 -1 #SUP: 29
535144 -1 #SUP: 54
535145 -1 #SUP: 26
535146 -1 #SUP: 19
535147 -1 #SUP: 40
535148 -1 #SUP: 27
535149 -1 #SUP: 15
535150 -1 #SUP: 30
535151 -1 #SUP: 40
535136 -1 #SUP: 91
535137 -1 #SUP: 59
535138 -1 #SUP: 18
535139 -1 #SUP: 55
535140 -1 #SUP: 73
535141 -1 #SUP: 51
535142 -1 #SUP: 102
535143 -1 #SUP: 15
535160 -1 #SUP: 24
535161 -1 #SUP: 17
535162 -1 #SUP: 27
535163 -1 #SUP: 46
535165 -1 #SUP: 19
535166 -1 #SUP: 27
535157 -1 #SUP: 13
535183 -1 #SUP: 13
535195 -1 #SUP: 12
535196 -1 #SUP: 15
535184 -1 #SUP: 23
535187 -1 #SUP: 25
535188 -1 #SUP: 27
535191 -1 #SUP: 42
535208 -1 #SUP: 24
535211 -1 #SUP: 20
535202 -1 #SUP: 12
535204 -1 #SUP: 20
535207 -1 #SUP: 29
535258 -1 #SUP: 33
535259 -1 #SUP: 14
535260 -1 #SUP: 14
535263 -1 #SUP: 13
535253 -1 #SUP: 11
535272 -1 #SUP: 17
535276 -1 #SUP: 26
535278 -1 #SUP: 52
535279 -1 #SUP: 16
535264 -1 #SUP: 14
535265 -1 #SUP: 22
535266 -1 #SUP: 47
535267 -1 #SUP: 15
535268 -1 #SUP: 71
535269 -1 #SUP: 40
535271 -1 #SUP: 22
535292 -1 #SUP: 13
535280 -1 #SUP: 18
535281 -1 #SUP: 28
535283 -1 #SUP: 15
535304 -1 #SUP: 11
535306 -1 #SUP: 13
535297 -1 #SUP: 38
535299 -1 #SUP: 59
535300 -1 #SUP: 19
535301 -1 #SUP: 22
535302 -1 #SUP: 11
535303 -1 #SUP: 14
535323 -1 #SUP: 11
535324 -1 #SUP: 19
535329 -1 #SUP: 29
535331 -1 #SUP: 16
535352 -1 #SUP: 18
535353 -1 #SUP: 18
535355 -1 #SUP: 12
535357 -1 #SUP: 17
535359 -1 #SUP: 12
535344 -1 #SUP: 35
535346 -1 #SUP: 28
535347 -1 #SUP: 44
535348 -1 #SUP: 15
535368 -1 #SUP: 25
535371 -1 #SUP: 17
535364 -1 #SUP: 18
535367 -1 #SUP: 28
535384 -1 #SUP: 24
535385 -1 #SUP: 34
535389 -1 #SUP: 21
535390 -1 #SUP: 13
535380 -1 #SUP: 33
535381 -1 #SUP: 12
535382 -1 #SUP: 26
535401 -1 #SUP: 38
535402 -1 #SUP: 14
535403 -1 #SUP: 21
535404 -1 #SUP: 13
535407 -1 #SUP: 13
535397 -1 #SUP: 13
535398 -1 #SUP: 12
535408 -1 #SUP: 16
535438 -1 #SUP: 12
535439 -1 #SUP: 23
535426 -1 #SUP: 23
535431 -1 #SUP: 12
535445 -1 #SUP: 11
535446 -1 #SUP: 14
535503 -1 #SUP: 13
536214 -1 #SUP: 18
569487 -1 #SUP: 11
577688 -1 #SUP: 11
578114 -1 #SUP: 27
578115 -1 #SUP: 26
553579 -1 #SUP: 14
553620 -1 #SUP: 11
578287 -1 #SUP: 12
578299 -1 #SUP: 11
578301 -1 #SUP: 13
578290 -1 #SUP: 14
578291 -1 #SUP: 14
578367 -1 #SUP: 15
578381 -1 #SUP: 12
578370 -1 #SUP: 12
578661 -1 #SUP: 20
578718 -1 #SUP: 12
578724 -1 #SUP: 14
578810 -1 #SUP: 13
578824 -1 #SUP: 37
578825 -1 #SUP: 14
578826 -1 #SUP: 13
578827 -1 #SUP: 53
578829 -1 #SUP: 31
578831 -1 #SUP: 17
578816 -1 #SUP: 35
578817 -1 #SUP: 18
578818 -1 #SUP: 58
578844 -1 #SUP: 33
578847 -1 #SUP: 50
578856 -1 #SUP: 20
578857 -1 #SUP: 31
578858 -1 #SUP: 15
578859 -1 #SUP: 39
578860 -1 #SUP: 35
578861 -1 #SUP: 14
578862 -1 #SUP: 11
578863 -1 #SUP: 34
578851 -1 #SUP: 18
578852 -1 #SUP: 46
578854 -1 #SUP: 100
578879 -1 #SUP: 13
578864 -1 #SUP: 29
578866 -1 #SUP: 11
578867 -1 #SUP: 16
578869 -1 #SUP: 25
578870 -1 #SUP: 23
578871 -1 #SUP: 13
578890 -1 #SUP: 11
578883 -1 #SUP: 19
578884 -1 #SUP: 21
578885 -1 #SUP: 43
578886 -1 #SUP: 16
578908 -1 #SUP: 12
578909 -1 #SUP: 14
578936 -1 #SUP: 17
578938 -1 #SUP: 27
578939 -1 #SUP: 54
578940 -1 #SUP: 42
578941 -1 #SUP: 54
578942 -1 #SUP: 35
578943 -1 #SUP: 56
578928 -1 #SUP: 16
578929 -1 #SUP: 17
578930 -1 #SUP: 20
578952 -1 #SUP: 45
578953 -1 #SUP: 15
578954 -1 #SUP: 16
578955 -1 #SUP: 56
578957 -1 #SUP: 30
578958 -1 #SUP: 13
578944 -1 #SUP: 35
578945 -1 #SUP: 49
578946 -1 #SUP: 35
578947 -1 #SUP: 38
578948 -1 #SUP: 30
578949 -1 #SUP: 53
578950 -1 #SUP: 41
578951 -1 #SUP: 13
578968 -1 #SUP: 44
578969 -1 #SUP: 39
578970 -1 #SUP: 21
578971 -1 #SUP: 13
578973 -1 #SUP: 24
578974 -1 #SUP: 33
578960 -1 #SUP: 39
578961 -1 #SUP: 20
578962 -1 #SUP: 22
578967 -1 #SUP: 13
578984 -1 #SUP: 60
578985 -1 #SUP: 42
578987 -1 #SUP: 20
578988 -1 #SUP: 34
578989 -1 #SUP: 77
578990 -1 #SUP: 57
578991 -1 #SUP: 63
578980 -1 #SUP: 13
578981 -1 #SUP: 12
579000 -1 #SUP: 30
579001 -1 #SUP: 12
579002 -1 #SUP: 52
579003 -1 #SUP: 16
579004 -1 #SUP: 25
579005 -1 #SUP: 38
579006 -1 #SUP: 22
579007 -1 #SUP: 46
578992 -1 #SUP: 122
578993 -1 #SUP: 93
578994 -1 #SUP: 39
579016 -1 #SUP: 55
579017 -1 #SUP: 18
579018 -1 #SUP: 64
579020 -1 #SUP: 13
579021 -1 #SUP: 19
579023 -1 #SUP: 43
579008 -1 #SUP: 34
579010 -1 #SUP: 35
579012 -1 #SUP: 36
579014 -1 #SUP: 12
579015 -1 #SUP: 53
579032 -1 #SUP: 31
579033 -1 #SUP: 32
579036 -1 #SUP: 31
579037 -1 #SUP: 52
579038 -1 #SUP: 31
579039 -1 #SUP: 11
579024 -1 #SUP: 22
579025 -1 #SUP: 46
579026 -1 #SUP: 47
579027 -1 #SUP: 33
579028 -1 #SUP: 58
579029 -1 #SUP: 31
579030 -1 #SUP: 55
579031 -1 #SUP: 32
579050 -1 #SUP: 11
579041 -1 #SUP: 29
579042 -1 #SUP: 28
579043 -1 #SUP: 32
579044 -1 #SUP: 12
579047 -1 #SUP: 15
579065 -1 #SUP: 11
579069 -1 #SUP: 15
579070 -1 #SUP: 11
579071 -1 #SUP: 18
579061 -1 #SUP: 27
579062 -1 #SUP: 19
579080 -1 #SUP: 16
579081 -1 #SUP: 37
579082 -1 #SUP: 28
579083 -1 #SUP: 11
579084 -1 #SUP: 17
579086 -1 #SUP: 15
579087 -1 #SUP: 48
579072 -1 #SUP: 26
579073 -1 #SUP: 13
579078 -1 #SUP: 27
579079 -1 #SUP: 29
579097 -1 #SUP: 25
579098 -1 #SUP: 40
579099 -1 #SUP: 52
579101 -1 #SUP: 60
579102 -1 #SUP: 30
579103 -1 #SUP: 63
579088 -1 #SUP: 37
579090 -1 #SUP: 31
579091 -1 #SUP: 28
579092 -1 #SUP: 33
579094 -1 #SUP: 23
579112 -1 #SUP: 24
579113 -1 #SUP: 42
579114 -1 #SUP: 143
579115 -1 #SUP: 36
579116 -1 #SUP: 93
579117 -1 #SUP: 40
579118 -1 #SUP: 22
579119 -1 #SUP: 59
579104 -1 #SUP: 31
579105 -1 #SUP: 42
579106 -1 #SUP: 94
579108 -1 #SUP: 70
579109 -1 #SUP: 60
579110 -1 #SUP: 63
579111 -1 #SUP: 102
579128 -1 #SUP: 33
579131 -1 #SUP: 32
579134 -1 #SUP: 26
579120 -1 #SUP: 64
579121 -1 #SUP: 22
579123 -1 #SUP: 49
579124 -1 #SUP: 53
579126 -1 #SUP: 36
579127 -1 #SUP: 55
579144 -1 #SUP: 35
579145 -1 #SUP: 22
579146 -1 #SUP: 80
579147 -1 #SUP: 36
579148 -1 #SUP: 55
579149 -1 #SUP: 64
579150 -1 #SUP: 94
579151 -1 #SUP: 57
579136 -1 #SUP: 50
579137 -1 #SUP: 109
579138 -1 #SUP: 137
579139 -1 #SUP: 47
579141 -1 #SUP: 50
579142 -1 #SUP: 71
579143 -1 #SUP: 111
579160 -1 #SUP: 76
579161 -1 #SUP: 84
579162 -1 #SUP: 12
579163 -1 #SUP: 89
579164 -1 #SUP: 82
579165 -1 #SUP: 56
579166 -1 #SUP: 24
579167 -1 #SUP: 77
579152 -1 #SUP: 35
579153 -1 #SUP: 72
579154 -1 #SUP: 33
579155 -1 #SUP: 34
579156 -1 #SUP: 50
579157 -1 #SUP: 28
579159 -1 #SUP: 31
579176 -1 #SUP: 113
579177 -1 #SUP: 79
579178 -1 #SUP: 68
579179 -1 #SUP: 179
579180 -1 #SUP: 138
579181 -1 #SUP: 50
579182 -1 #SUP: 65
579183 -1 #SUP: 117
579168 -1 #SUP: 47
579169 -1 #SUP: 77
579170 -1 #SUP: 54
579171 -1 #SUP: 49
579172 -1 #SUP: 153
579173 -1 #SUP: 66
579174 -1 #SUP: 57
579175 -1 #SUP: 174
579192 -1 #SUP: 95
579193 -1 #SUP: 161
579194 -1 #SUP: 72
579195 -1 #SUP: 34
579196 -1 #SUP: 62
579197 -1 #SUP: 137
579198 -1 #SUP: 146
579199 -1 #SUP: 105
579184 -1 #SUP: 164
579185 -1 #SUP: 50
579186 -1 #SUP: 48
579187 -1 #SUP: 92
579188 -1 #SUP: 25
579189 -1 #SUP: 101
579190 -1 #SUP: 95
579191 -1 #SUP: 30
579208 -1 #SUP: 49
579209 -1 #SUP: 31
579210 -1 #SUP: 19
579211 -1 #SUP: 102
579212 -1 #SUP: 83
579213 -1 #SUP: 114
579214 -1 #SUP: 80
579215 -1 #SUP: 58
579200 -1 #SUP: 87
579201 -1 #SUP: 151
579202 -1 #SUP: 198
579203 -1 #SUP: 82
579204 -1 #SUP: 21
579205 -1 #SUP: 24
579206 -1 #SUP: 143
579207 -1 #SUP: 143
579224 -1 #SUP: 146
579225 -1 #SUP: 48
579226 -1 #SUP: 183
579227 -1 #SUP: 159
579228 -1 #SUP: 37
579229 -1 #SUP: 85
579230 -1 #SUP: 76
579231 -1 #SUP: 35
579216 -1 #SUP: 21
579217 -1 #SUP: 26
579218 -1 #SUP: 51
579219 -1 #SUP: 13
579220 -1 #SUP: 81
579221 -1 #SUP: 79
579222 -1 #SUP: 68
579223 -1 #SUP: 112
579240 -1 #SUP: 50
579241 -1 #SUP: 101
579242 -1 #SUP: 28
579243 -1 #SUP: 20
579244 -1 #SUP: 59
579245 -1 #SUP: 34
579246 -1 #SUP: 43
579247 -1 #SUP: 93
579232 -1 #SUP: 58
579233 -1 #SUP: 100
579234 -1 #SUP: 106
579235 -1 #SUP: 69
579236 -1 #SUP: 76
579237 -1 #SUP: 75
579238 -1 #SUP: 77
579239 -1 #SUP: 37
579256 -1 #SUP: 76
579257 -1 #SUP: 161
579258 -1 #SUP: 73
579260 -1 #SUP: 56
579261 -1 #SUP: 113
579262 -1 #SUP: 39
579263 -1 #SUP: 42
579248 -1 #SUP: 49
579249 -1 #SUP: 60
579250 -1 #SUP: 91
579252 -1 #SUP: 28
579253 -1 #SUP: 21
579254 -1 #SUP: 114
579255 -1 #SUP: 45
579272 -1 #SUP: 38
579273 -1 #SUP: 24
579275 -1 #SUP: 25
579277 -1 #SUP: 18
579278 -1 #SUP: 46
579279 -1 #SUP: 90
579264 -1 #SUP: 22
579265 -1 #SUP: 25
579266 -1 #SUP: 12
579268 -1 #SUP: 21
579269 -1 #SUP: 15
579270 -1 #SUP: 20
579271 -1 #SUP: 35
579288 -1 #SUP: 44
579289 -1 #SUP: 69
579290 -1 #SUP: 40
579291 -1 #SUP: 27
579293 -1 #SUP: 23
579294 -1 #SUP: 47
579280 -1 #SUP: 60
579281 -1 #SUP: 12
579282 -1 #SUP: 24
579283 -1 #SUP: 90
579284 -1 #SUP: 127
579285 -1 #SUP: 182
579286 -1 #SUP: 47
579287 -1 #SUP: 14
579320 -1 #SUP: 21
579321 -1 #SUP: 28
579323 -1 #SUP: 84
579324 -1 #SUP: 31
579325 -1 #SUP: 17
579318 -1 #SUP: 15
579330 -1 #SUP: 11
579400 -1 #SUP: 17
579401 -1 #SUP: 14
579403 -1 #SUP: 26
579404 -1 #SUP: 72
579405 -1 #SUP: 32
579406 -1 #SUP: 14
579407 -1 #SUP: 52
579393 -1 #SUP: 32
579423 -1 #SUP: 24
579408 -1 #SUP: 33
579409 -1 #SUP: 11
579410 -1 #SUP: 15
579435 -1 #SUP: 13
579436 -1 #SUP: 29
579437 -1 #SUP: 12
579438 -1 #SUP: 12
579424 -1 #SUP: 49
579425 -1 #SUP: 35
579431 -1 #SUP: 15
579440 -1 #SUP: 13
579443 -1 #SUP: 23
579444 -1 #SUP: 20
579445 -1 #SUP: 15
579446 -1 #SUP: 12
579480 -1 #SUP: 12
579482 -1 #SUP: 13
579484 -1 #SUP: 18
579485 -1 #SUP: 24
579472 -1 #SUP: 16
579473 -1 #SUP: 41
579474 -1 #SUP: 28
579475 -1 #SUP: 21
579479 -1 #SUP: 11
579496 -1 #SUP: 13
579499 -1 #SUP: 18
579501 -1 #SUP: 12
579489 -1 #SUP: 11
579490 -1 #SUP: 43
579491 -1 #SUP: 29
579492 -1 #SUP: 32
579493 -1 #SUP: 12
579495 -1 #SUP: 25
579515 -1 #SUP: 12
579506 -1 #SUP: 20
579534 -1 #SUP: 12
555064 -1 #SUP: 12
555067 -1 #SUP: 14
555058 -1 #SUP: 18
555061 -1 #SUP: 15
555086 -1 #SUP: 15
555075 -1 #SUP: 21
579754 -1 #SUP: 16
579843 -1 #SUP: 11
579844 -1 #SUP: 15
579882 -1 #SUP: 15
579883 -1 #SUP: 14
579896 -1 #SUP: 15
579899 -1 #SUP: 26
579900 -1 #SUP: 15
579902 -1 #SUP: 13
579903 -1 #SUP: 45
579888 -1 #SUP: 12
579895 -1 #SUP: 14
579912 -1 #SUP: 68
579913 -1 #SUP: 22
579914 -1 #SUP: 32
579916 -1 #SUP: 23
579917 -1 #SUP: 61
579918 -1 #SUP: 47
579919 -1 #SUP: 29
579904 -1 #SUP: 38
579905 -1 #SUP: 44
579906 -1 #SUP: 54
579907 -1 #SUP: 20
579928 -1 #SUP: 37
579930 -1 #SUP: 61
579931 -1 #SUP: 48
579932 -1 #SUP: 101
579933 -1 #SUP: 66
579934 -1 #SUP: 30
579935 -1 #SUP: 31
579920 -1 #SUP: 43
579921 -1 #SUP: 43
579922 -1 #SUP: 29
579924 -1 #SUP: 66
579925 -1 #SUP: 36
579927 -1 #SUP: 11
579944 -1 #SUP: 19
579945 -1 #SUP: 21
579946 -1 #SUP: 19
579947 -1 #SUP: 14
579948 -1 #SUP: 12
579949 -1 #SUP: 20
579950 -1 #SUP: 21
579951 -1 #SUP: 20
579936 -1 #SUP: 65
579937 -1 #SUP: 24
579938 -1 #SUP: 62
579939 -1 #SUP: 58
579940 -1 #SUP: 36
579941 -1 #SUP: 52
579942 -1 #SUP: 75
579943 -1 #SUP: 81
579961 -1 #SUP: 17
579967 -1 #SUP: 17
579957 -1 #SUP: 34
579978 -1 #SUP: 33
579981 -1 #SUP: 13
579992 -1 #SUP: 14
579997 -1 #SUP: 18
579998 -1 #SUP: 52
579984 -1 #SUP: 13
579985 -1 #SUP: 19
579989 -1 #SUP: 24
579990 -1 #SUP: 28
580015 -1 #SUP: 15
580016 -1 #SUP: 20
580017 -1 #SUP: 16
580018 -1 #SUP: 11
580020 -1 #SUP: 14
580021 -1 #SUP: 28
580023 -1 #SUP: 16
580033 -1 #SUP: 13
580063 -1 #SUP: 13
580068 -1 #SUP: 14
580090 -1 #SUP: 18
580094 -1 #SUP: 14
580085 -1 #SUP: 17
580086 -1 #SUP: 11
580087 -1 #SUP: 14
580101 -1 #SUP: 24
580174 -1 #SUP: 19
580175 -1 #SUP: 14
580179 -1 #SUP: 14
580180 -1 #SUP: 12
531180 -1 #SUP: 14
531182 -1 #SUP: 11
531169 -1 #SUP: 12
531170 -1 #SUP: 13
531175 -1 #SUP: 12
531192 -1 #SUP: 12
531191 -1 #SUP: 13
580391 -1 #SUP: 12
580440 -1 #SUP: 12
580445 -1 #SUP: 13
580447 -1 #SUP: 15
580438 -1 #SUP: 17
580448 -1 #SUP: 11
580467 -1 #SUP: 11
580469 -1 #SUP: 14
556074 -1 #SUP: 16
556106 -1 #SUP: 13
556107 -1 #SUP: 11
556120 -1 #SUP: 37
556121 -1 #SUP: 12
556122 -1 #SUP: 11
556123 -1 #SUP: 17
556125 -1 #SUP: 19
556126 -1 #SUP: 37
556113 -1 #SUP: 12
556114 -1 #SUP: 51
556115 -1 #SUP: 18
556116 -1 #SUP: 20
556118 -1 #SUP: 12
556119 -1 #SUP: 25
556152 -1 #SUP: 12
556157 -1 #SUP: 20
556159 -1 #SUP: 19
556150 -1 #SUP: 23
556151 -1 #SUP: 17
556233 -1 #SUP: 16
556234 -1 #SUP: 19
556248 -1 #SUP: 48
556253 -1 #SUP: 30
556254 -1 #SUP: 24
556246 -1 #SUP: 26
556281 -1 #SUP: 11
556278 -1 #SUP: 14
556290 -1 #SUP: 13
556293 -1 #SUP: 11
556362 -1 #SUP: 11
556510 -1 #SUP: 13
564896 -1 #SUP: 11
556811 -1 #SUP: 17
556939 -1 #SUP: 11
556965 -1 #SUP: 11
557033 -1 #SUP: 16
557026 -1 #SUP: 20
557030 -1 #SUP: 12
557031 -1 #SUP: 16
557048 -1 #SUP: 12
557051 -1 #SUP: 25
557042 -1 #SUP: 11
557043 -1 #SUP: 19
557044 -1 #SUP: 16
533180 -1 533183 -1 #SUP: 16
533182 -1 533181 -1 #SUP: 38
533182 -1 533183 -1 #SUP: 16
533410 -1 533415 -1 #SUP: 24
534120 -1 534164 -1 #SUP: 11
534141 -1 534142 -1 #SUP: 14
534146 -1 534145 -1 #SUP: 11
534155 -1 534146 -1 #SUP: 11
534159 -1 534155 -1 #SUP: 11
534164 -1 534166 -1 #SUP: 12
534166 -1 534167 -1 #SUP: 11
534167 -1 534166 -1 #SUP: 17
534167 -1 534168 -1 #SUP: 11
534169 -1 534166 -1 #SUP: 11
534169 -1 534170 -1 #SUP: 12
534185 -1 534186 -1 #SUP: 12
534185 -1 534872 -1 #SUP: 11
534192 -1 534205 -1 #SUP: 20
534192 -1 534868 -1 #SUP: 11
534193 -1 534205 -1 #SUP: 16
534194 -1 534205 -1 #SUP: 14
534195 -1 534205 -1 #SUP: 11
534200 -1 534205 -1 #SUP: 13
534201 -1 534205 -1 #SUP: 11
534204 -1 534192 -1 #SUP: 11
534204 -1 534205 -1 #SUP: 11
534205 -1 534200 -1 #SUP: 11
534205 -1 534202 -1 #SUP: 12
534205 -1 534208 -1 #SUP: 11
534205 -1 534209 -1 #SUP: 14
534205 -1 534216 -1 #SUP: 12
534205 -1 534221 -1 #SUP: 14
534205 -1 534867 -1 #SUP: 12
534205 -1 534868 -1 #SUP: 11
534208 -1 534209 -1 #SUP: 23
534208 -1 534223 -1 #SUP: 12
534208 -1 534846 -1 #SUP: 16
534208 -1 534847 -1 #SUP: 18
534209 -1 534208 -1 #SUP: 22
534209 -1 534221 -1 #SUP: 11
534209 -1 534222 -1 #SUP: 13
534209 -1 534223 -1 #SUP: 14
534209 -1 534224 -1 #SUP: 13
534211 -1 534212 -1 #SUP: 13
534211 -1 534213 -1 #SUP: 14
534212 -1 534208 -1 #SUP: 12
534212 -1 534213 -1 #SUP: 13
534213 -1 534841 -1 #SUP: 14
534213 -1 534842 -1 #SUP: 15
534216 -1 534208 -1 #SUP: 11
534216 -1 534217 -1 #SUP: 11
534216 -1 534221 -1 #SUP: 12
534216 -1 534222 -1 #SUP: 11
534217 -1 534216 -1 #SUP: 15
534221 -1 534205 -1 #SUP: 11
534222 -1 534208 -1 #SUP: 18
534222 -1 534209 -1 #SUP: 12
534222 -1 534847 -1 #SUP: 12
534223 -1 534208 -1 #SUP: 12
534223 -1 534222 -1 #SUP: 14
534223 -1 534224 -1 #SUP: 12
534237 -1 534232 -1 #SUP: 16
534238 -1 534232 -1 #SUP: 12
534243 -1 534240 -1 #SUP: 13
534243 -1 534261 -1 #SUP: 13
534244 -1 534243 -1 #SUP: 11
534245 -1 534243 -1 #SUP: 11
534257 -1 534258 -1 #SUP: 18
534257 -1 534276 -1 #SUP: 13
534258 -1 534257 -1 #SUP: 14
534258 -1 534258 -1 #SUP: 14
534258 -1 534269 -1 #SUP: 32
534261 -1 534216 -1 #SUP: 13
534261 -1 534217 -1 #SUP: 12
534261 -1 534260 -1 #SUP: 11
534261 -1 534265 -1 #SUP: 16
534265 -1 534212 -1 #SUP: 11
534265 -1 534213 -1 #SUP: 13
534265 -1 534838 -1 #SUP: 12
534269 -1 534258 -1 #SUP: 50
534269 -1 534269 -1 #SUP: 11
534271 -1 534786 -1 #SUP: 11
534276 -1 534278 -1 #SUP: 12
534278 -1 534258 -1 #SUP: 12
534278 -1 534276 -1 #SUP: 13
534278 -1 534279 -1 #SUP: 12
534279 -1 534274 -1 #SUP: 11
534281 -1 534278 -1 #SUP: 24
534282 -1 534278 -1 #SUP: 15
534282 -1 534281 -1 #SUP: 14
534282 -1 534284 -1 #SUP: 18
534282 -1 534323 -1 #SUP: 13
534284 -1 534282 -1 #SUP: 11
534284 -1 534289 -1 #SUP: 23
534284 -1 534772 -1 #SUP: 13
534287 -1 534284 -1 #SUP: 15
534289 -1 534284 -1 #SUP: 13
534289 -1 534288 -1 #SUP: 14
534296 -1 534284 -1 #SUP: 12
534296 -1 534289 -1 #SUP: 12
534320 -1 534323 -1 #SUP: 11
534323 -1 534324 -1 #SUP: 11
534323 -1 534327 -1 #SUP: 16
534325 -1 534282 -1 #SUP: 12
534331 -1 534330 -1 #SUP: 14
534690 -1 534695 -1 #SUP: 16
534692 -1 534695 -1 #SUP: 11
534694 -1 534695 -1 #SUP: 12
534694 -1 535385 -1 #SUP: 11
534695 -1 534690 -1 #SUP: 18
534695 -1 534694 -1 #SUP: 12
534707 -1 534702 -1 #SUP: 11
534707 -1 534704 -1 #SUP: 13
534707 -1 534710 -1 #SUP: 11
534724 -1 534810 -1 #SUP: 13
534724 -1 534821 -1 #SUP: 11
534761 -1 534762 -1 #SUP: 12
534771 -1 534287 -1 #SUP: 13
534771 -1 534772 -1 #SUP: 16
534772 -1 534284 -1 #SUP: 11
534786 -1 534791 -1 #SUP: 12
534790 -1 534838 -1 #SUP: 14
534792 -1 534837 -1 #SUP: 11
534793 -1 534837 -1 #SUP: 17
534793 -1 534838 -1 #SUP: 13
534799 -1 534800 -1 #SUP: 11
534807 -1 534724 -1 #SUP: 12
534808 -1 534810 -1 #SUP: 14
534810 -1 534820 -1 #SUP: 18
534810 -1 534821 -1 #SUP: 18
534816 -1 534819 -1 #SUP: 16
534816 -1 534837 -1 #SUP: 24
534816 -1 534838 -1 #SUP: 17
534816 -1 534841 -1 #SUP: 13
534819 -1 534816 -1 #SUP: 15
534819 -1 534820 -1 #SUP: 19
534819 -1 534821 -1 #SUP: 13
534819 -1 534824 -1 #SUP: 11
534819 -1 534837 -1 #SUP: 19
534819 -1 534838 -1 #SUP: 14
534819 -1 534842 -1 #SUP: 11
534819 -1 535002 -1 #SUP: 12
534820 -1 534816 -1 #SUP: 16
534820 -1 534819 -1 #SUP: 14
534820 -1 534821 -1 #SUP: 11
534820 -1 534837 -1 #SUP: 26
534820 -1 534841 -1 #SUP: 15
534821 -1 534724 -1 #SUP: 11
534821 -1 534810 -1 #SUP: 16
534821 -1 534816 -1 #SUP: 12
534821 -1 534819 -1 #SUP: 16
534821 -1 534820 -1 #SUP: 27
534821 -1 534824 -1 #SUP: 11
534821 -1 534837 -1 #SUP: 15
534821 -1 534838 -1 #SUP: 13
534821 -1 535002 -1 #SUP: 13
534827 -1 534826 -1 #SUP: 11
534831 -1 534827 -1 #SUP: 11
534832 -1 534827 -1 #SUP: 11
534832 -1 534831 -1 #SUP: 11
534833 -1 534832 -1 #SUP: 17
534833 -1 534846 -1 #SUP: 15
534833 -1 534847 -1 #SUP: 11
534837 -1 534819 -1 #SUP: 18
534837 -1 534820 -1 #SUP: 11
534837 -1 534838 -1 #SUP: 29
534837 -1 534841 -1 #SUP: 25
534837 -1 534842 -1 #SUP: 13
534838 -1 534816 -1 #SUP: 14
534838 -1 534819 -1 #SUP: 16
534838 -1 534837 -1 #SUP: 17
534838 -1 534839 -1 #SUP: 13
534838 -1 534840 -1 #SUP: 12
534838 -1 534841 -1 #SUP: 29
534839 -1 534836 -1 #SUP: 12
534839 -1 534838 -1 #SUP: 18
534839 -1 534840 -1 #SUP: 12
534839 -1 534841 -1 #SUP: 12
534840 -1 534846 -1 #SUP: 13
534841 -1 534838 -1 #SUP: 21
534842 -1 534816 -1 #SUP: 11
534842 -1 534838 -1 #SUP: 16
534842 -1 534841 -1 #SUP: 15
534846 -1 534833 -1 #SUP: 14
534846 -1 534840 -1 #SUP: 11
534846 -1 534847 -1 #SUP: 16
534846 -1 534851 -1 #SUP: 14
534847 -1 534208 -1 #SUP: 14
534847 -1 534209 -1 #SUP: 18
534847 -1 534211 -1 #SUP: 15
534847 -1 534212 -1 #SUP: 21
534847 -1 534846 -1 #SUP: 16
534847 -1 534848 -1 #SUP: 12
534848 -1 534212 -1 #SUP: 13
534853 -1 534906 -1 #SUP: 34
534861 -1 534193 -1 #SUP: 12
534861 -1 534847 -1 #SUP: 15
534867 -1 534192 -1 #SUP: 14
534867 -1 534192 -1 534205 -1 #SUP: 11
534867 -1 534205 -1 #SUP: 22
534868 -1 534205 -1 #SUP: 13
534868 -1 534871 -1 #SUP: 17
534871 -1 534186 -1 #SUP: 14
534871 -1 534872 -1 #SUP: 11
534872 -1 534186 -1 #SUP: 11
534872 -1 534871 -1 #SUP: 29
534872 -1 534877 -1 #SUP: 16
534872 -1 534884 -1 #SUP: 13
534873 -1 534871 -1 #SUP: 11
534873 -1 534872 -1 #SUP: 15
534873 -1 579237 -1 #SUP: 12
534874 -1 579237 -1 #SUP: 11
534875 -1 534872 -1 #SUP: 18
534875 -1 534884 -1 #SUP: 18
534875 -1 579226 -1 #SUP: 15
534875 -1 579227 -1 #SUP: 12
534876 -1 534856 -1 #SUP: 13
534876 -1 534884 -1 #SUP: 11
534879 -1 534856 -1 #SUP: 12
534879 -1 579226 -1 #SUP: 14
534881 -1 534880 -1 #SUP: 12
534881 -1 534882 -1 #SUP: 11
534881 -1 534894 -1 #SUP: 11
534882 -1 534892 -1 #SUP: 11
534884 -1 534871 -1 #SUP: 14
534884 -1 534872 -1 #SUP: 25
534884 -1 534872 -1 534871 -1 #SUP: 11
534884 -1 534875 -1 #SUP: 18
534884 -1 534891 -1 #SUP: 12
534885 -1 534876 -1 #SUP: 11
534885 -1 579226 -1 #SUP: 12
534885 -1 579227 -1 #SUP: 14
534887 -1 534882 -1 #SUP: 16
534887 -1 534884 -1 #SUP: 24
534888 -1 534884 -1 #SUP: 17
534888 -1 534888 -1 #SUP: 19
534888 -1 534893 -1 #SUP: 32
534888 -1 534893 -1 534888 -1 #SUP: 18
534891 -1 534884 -1 #SUP: 16
534891 -1 534892 -1 #SUP: 14
534891 -1 579179 -1 #SUP: 11
534893 -1 534888 -1 #SUP: 45
534893 -1 534888 -1 534893 -1 #SUP: 15
534893 -1 534893 -1 #SUP: 15
534894 -1 534880 -1 #SUP: 11
534906 -1 534853 -1 #SUP: 16
534911 -1 534915 -1 #SUP: 11
534917 -1 534921 -1 #SUP: 15
534917 -1 534994 -1 #SUP: 11
534918 -1 534921 -1 #SUP: 13
534921 -1 534947 -1 #SUP: 15
534921 -1 534994 -1 #SUP: 11
534931 -1 579177 -1 #SUP: 11
534932 -1 534891 -1 #SUP: 12
534935 -1 534931 -1 #SUP: 15
534939 -1 534948 -1 #SUP: 11
534947 -1 534957 -1 #SUP: 12
534947 -1 534958 -1 #SUP: 11
534947 -1 535124 -1 #SUP: 12
534947 -1 579179 -1 #SUP: 11
534948 -1 534947 -1 #SUP: 11
534948 -1 534949 -1 #SUP: 12
534949 -1 579172 -1 #SUP: 11
534949 -1 579175 -1 #SUP: 12
534950 -1 534949 -1 #SUP: 13
534953 -1 534950 -1 #SUP: 15
534957 -1 534958 -1 #SUP: 12
534961 -1 534974 -1 #SUP: 11
534966 -1 534921 -1 #SUP: 11
534970 -1 534917 -1 #SUP: 15
534977 -1 534972 -1 #SUP: 11
534978 -1 534707 -1 #SUP: 11
534978 -1 534984 -1 #SUP: 11
534978 -1 534988 -1 #SUP: 12
534979 -1 534978 -1 #SUP: 13
534988 -1 534994 -1 #SUP: 12
534993 -1 534994 -1 #SUP: 13
534994 -1 534921 -1 #SUP: 11
534994 -1 534999 -1 #SUP: 13
535002 -1 534724 -1 #SUP: 14
535002 -1 534816 -1 #SUP: 12
535002 -1 534819 -1 #SUP: 16
535002 -1 534820 -1 #SUP: 19
535002 -1 534821 -1 #SUP: 18
535002 -1 534838 -1 #SUP: 12
535002 -1 534841 -1 #SUP: 11
535003 -1 534820 -1 #SUP: 11
535003 -1 534821 -1 #SUP: 13
535003 -1 535002 -1 #SUP: 12
535004 -1 535002 -1 #SUP: 13
535004 -1 535005 -1 #SUP: 11
535005 -1 534994 -1 #SUP: 11
535008 -1 534821 -1 #SUP: 11
535030 -1 535027 -1 #SUP: 11
535032 -1 535034 -1 #SUP: 11
535038 -1 535032 -1 #SUP: 12
535040 -1 535041 -1 #SUP: 11
535042 -1 535041 -1 #SUP: 14
535052 -1 535041 -1 #SUP: 11
535120 -1 535121 -1 #SUP: 15
535121 -1 534958 -1 #SUP: 12
535121 -1 535120 -1 #SUP: 14
535126 -1 535124 -1 #SUP: 13
535136 -1 535137 -1 #SUP: 11
535139 -1 535136 -1 #SUP: 12
535142 -1 535136 -1 #SUP: 12
535142 -1 535140 -1 #SUP: 11
535147 -1 535188 -1 #SUP: 11
535268 -1 535278 -1 #SUP: 12
535268 -1 535299 -1 #SUP: 12
556119 -1 556114 -1 #SUP: 12
556120 -1 556114 -1 #SUP: 12
557807 -1 557808 -1 #SUP: 16
557807 -1 557859 -1 #SUP: 17
557807 -1 557872 -1 #SUP: 11
557807 -1 557878 -1 #SUP: 20
557807 -1 557881 -1 #SUP: 21
557807 -1 557882 -1 #SUP: 22
557808 -1 557807 -1 #SUP: 23
557808 -1 557811 -1 #SUP: 19
557808 -1 557859 -1 #SUP: 17
557808 -1 557878 -1 #SUP: 14
557811 -1 557807 -1 #SUP: 17
557811 -1 557859 -1 #SUP: 14
557811 -1 557878 -1 #SUP: 16
557811 -1 557881 -1 #SUP: 14
557811 -1 557882 -1 #SUP: 17
557856 -1 557807 -1 #SUP: 13
557856 -1 557811 -1 #SUP: 11
557859 -1 557807 -1 #SUP: 18
557859 -1 557811 -1 #SUP: 16
557859 -1 557878 -1 #SUP: 11
557873 -1 557872 -1 #SUP: 12
557873 -1 557878 -1 #SUP: 12
557873 -1 557879 -1 #SUP: 12
557873 -1 557886 -1 #SUP: 17
557877 -1 557878 -1 #SUP: 12
557877 -1 557881 -1 #SUP: 13
557878 -1 557807 -1 #SUP: 14
557878 -1 557872 -1 #SUP: 13
557878 -1 557882 -1 #SUP: 12
557878 -1 557886 -1 #SUP: 11
557878 -1 557894 -1 #SUP: 11
557879 -1 557886 -1 #SUP: 11
557881 -1 557807 -1 #SUP: 17
557881 -1 557872 -1 #SUP: 11
557881 -1 557878 -1 #SUP: 20
557881 -1 557882 -1 #SUP: 19
557881 -1 557886 -1 #SUP: 14
557882 -1 557807 -1 #SUP: 39
557882 -1 557808 -1 #SUP: 16
557882 -1 557878 -1 #SUP: 15
557882 -1 557881 -1 #SUP: 11
557882 -1 557886 -1 #SUP: 11
557885 -1 557886 -1 #SUP: 12
558038 -1 557807 -1 #SUP: 11
578115 -1 578114 -1 #SUP: 20
578827 -1 557807 -1 #SUP: 15
578827 -1 557882 -1 #SUP: 11
578854 -1 557807 -1 #SUP: 11
578992 -1 535124 -1 #SUP: 12
578992 -1 578993 -1 #SUP: 12
578992 -1 579137 -1 #SUP: 11
578992 -1 579138 -1 #SUP: 12
578993 -1 578992 -1 #SUP: 13
579037 -1 579025 -1 #SUP: 11
579099 -1 579101 -1 #SUP: 12
579103 -1 579106 -1 #SUP: 13
579106 -1 579103 -1 #SUP: 11
579106 -1 579285 -1 #SUP: 13
579108 -1 579099 -1 #SUP: 13
579108 -1 579101 -1 #SUP: 19
579108 -1 579111 -1 #SUP: 14
579111 -1 579101 -1 #SUP: 12
579111 -1 579114 -1 #SUP: 13
579114 -1 579101 -1 #SUP: 12
579114 -1 579111 -1 #SUP: 19
579114 -1 579114 -1 #SUP: 13
579114 -1 579198 -1 #SUP: 16
579114 -1 579199 -1 #SUP: 14
579114 -1 579200 -1 #SUP: 16
579114 -1 579201 -1 #SUP: 13
579114 -1 579202 -1 #SUP: 12
579114 -1 579285 -1 #SUP: 25
579115 -1 579114 -1 #SUP: 11
579116 -1 579114 -1 #SUP: 12
579116 -1 579285 -1 #SUP: 14
579120 -1 579114 -1 #SUP: 11
579137 -1 579138 -1 #SUP: 15
579137 -1 579189 -1 #SUP: 11
579137 -1 579193 -1 #SUP: 11
579138 -1 578992 -1 #SUP: 11
579138 -1 578993 -1 #SUP: 11
579138 -1 579137 -1 #SUP: 17
579138 -1 579193 -1 #SUP: 14
579138 -1 579202 -1 #SUP: 13
579142 -1 579193 -1 #SUP: 12
579143 -1 579138 -1 #SUP: 24
579143 -1 579189 -1 #SUP: 12
579143 -1 579193 -1 #SUP: 16
579146 -1 579172 -1 #SUP: 13
579150 -1 579138 -1 #SUP: 14
579150 -1 579193 -1 #SUP: 11
579161 -1 579175 -1 #SUP: 12
579163 -1 579172 -1 #SUP: 12
579164 -1 579172 -1 #SUP: 20
579167 -1 579138 -1 #SUP: 11
579167 -1 579164 -1 #SUP: 16
579167 -1 579172 -1 #SUP: 16
579169 -1 579172 -1 #SUP: 11
579169 -1 579182 -1 #SUP: 11
579170 -1 579175 -1 #SUP: 13
579171 -1 579175 -1 #SUP: 13
579172 -1 534948 -1 #SUP: 13
579172 -1 579138 -1 #SUP: 16
579172 -1 579160 -1 #SUP: 12
579172 -1 579163 -1 #SUP: 13
579172 -1 579164 -1 #SUP: 11
579172 -1 579173 -1 #SUP: 11
579172 -1 579175 -1 #SUP: 19
579172 -1 579176 -1 #SUP: 14
579172 -1 579179 -1 #SUP: 14
579173 -1 579175 -1 #SUP: 12
579175 -1 534931 -1 #SUP: 11
579175 -1 579172 -1 #SUP: 22
579175 -1 579175 -1 #SUP: 12
579175 -1 579176 -1 #SUP: 16
579175 -1 579177 -1 #SUP: 11
579175 -1 579178 -1 #SUP: 11
579175 -1 579179 -1 #SUP: 22
579175 -1 579224 -1 #SUP: 11
579176 -1 579175 -1 #SUP: 14
579176 -1 579179 -1 #SUP: 17
579177 -1 579175 -1 #SUP: 13
579178 -1 534892 -1 #SUP: 13
579178 -1 579221 -1 #SUP: 12
579179 -1 534891 -1 #SUP: 14
579179 -1 579175 -1 #SUP: 12
579179 -1 579176 -1 #SUP: 12
579179 -1 579178 -1 #SUP: 17
579179 -1 579180 -1 #SUP: 21
579179 -1 579183 -1 #SUP: 15
579179 -1 579184 -1 #SUP: 12
579179 -1 579220 -1 #SUP: 12
579179 -1 579221 -1 #SUP: 15
579179 -1 579223 -1 #SUP: 12
579179 -1 579224 -1 #SUP: 16
579180 -1 579179 -1 #SUP: 17
579180 -1 579182 -1 #SUP: 11
579180 -1 579183 -1 #SUP: 26
579180 -1 579184 -1 #SUP: 25
579180 -1 579199 -1 #SUP: 12
579181 -1 579180 -1 #SUP: 13
579183 -1 579180 -1 #SUP: 15
579183 -1 579184 -1 #SUP: 18
579184 -1 579116 -1 #SUP: 12
579184 -1 579179 -1 #SUP: 11
579184 -1 579180 -1 #SUP: 20
579184 -1 579183 -1 #SUP: 16
579184 -1 579185 -1 #SUP: 11
579184 -1 579187 -1 #SUP: 11
579184 -1 579193 -1 #SUP: 11
579184 -1 579197 -1 #SUP: 12
579184 -1 579198 -1 #SUP: 14
579184 -1 579201 -1 #SUP: 13
579184 -1 579202 -1 #SUP: 13
579187 -1 579184 -1 #SUP: 16
579189 -1 579175 -1 #SUP: 19
579189 -1 579180 -1 #SUP: 11
579189 -1 579184 -1 #SUP: 11
579189 -1 579190 -1 #SUP: 13
579189 -1 579193 -1 #SUP: 11
579190 -1 579189 -1 #SUP: 14
579192 -1 579138 -1 #SUP: 14
579192 -1 579198 -1 #SUP: 15
579192 -1 579202 -1 #SUP: 12
579193 -1 579138 -1 #SUP: 16
579193 -1 579189 -1 #SUP: 12
579193 -1 579190 -1 #SUP: 12
579193 -1 579192 -1 #SUP: 12
579193 -1 579194 -1 #SUP: 15
579193 -1 579197 -1 #SUP: 18
579193 -1 579198 -1 #SUP: 14
579193 -1 579201 -1 #SUP: 12
579194 -1 579119 -1 #SUP: 11
579196 -1 579199 -1 #SUP: 14
579197 -1 578992 -1 #SUP: 11
579197 -1 579116 -1 #SUP: 15
579197 -1 579137 -1 #SUP: 11
579197 -1 579184 -1 #SUP: 14
579197 -1 579193 -1 #SUP: 18
579197 -1 579194 -1 #SUP: 11
579197 -1 579198 -1 #SUP: 19
579197 -1 579201 -1 #SUP: 13
579197 -1 579202 -1 #SUP: 11
579198 -1 579193 -1 #SUP: 11
579198 -1 579197 -1 #SUP: 12
579198 -1 579199 -1 #SUP: 14
579198 -1 579201 -1 #SUP: 16
579198 -1 579202 -1 #SUP: 17
579198 -1 579206 -1 #SUP: 12
579198 -1 579254 -1 #SUP: 11
579198 -1 579257 -1 #SUP: 11
579200 -1 579199 -1 #SUP: 14
579201 -1 579114 -1 #SUP: 13
579201 -1 579184 -1 #SUP: 11
579201 -1 579193 -1 #SUP: 16
579201 -1 579194 -1 #SUP: 11
579201 -1 579197 -1 #SUP: 20
579201 -1 579200 -1 #SUP: 12
579201 -1 579202 -1 #SUP: 18
579201 -1 579206 -1 #SUP: 13
579201 -1 579214 -1 #SUP: 13
579202 -1 579114 -1 #SUP: 11
579202 -1 579193 -1 #SUP: 13
579202 -1 579197 -1 #SUP: 11
579202 -1 579198 -1 #SUP: 15
579202 -1 579200 -1 #SUP: 12
579202 -1 579201 -1 #SUP: 20
579202 -1 579202 -1 #SUP: 12
579202 -1 579206 -1 #SUP: 17
579202 -1 579207 -1 #SUP: 21
579202 -1 579213 -1 #SUP: 16
579202 -1 579254 -1 #SUP: 17
579202 -1 579257 -1 #SUP: 15
579202 -1 579284 -1 #SUP: 17
579202 -1 579285 -1 #SUP: 19
579203 -1 579202 -1 #SUP: 16
579203 -1 579226 -1 #SUP: 14
579203 -1 579285 -1 #SUP: 13
579206 -1 579202 -1 #SUP: 13
579206 -1 579207 -1 #SUP: 16
579206 -1 579257 -1 #SUP: 13
579207 -1 579201 -1 #SUP: 12
579207 -1 579202 -1 #SUP: 24
579207 -1 579206 -1 #SUP: 14
579207 -1 579213 -1 #SUP: 13
579211 -1 579213 -1 #SUP: 12
579211 -1 579226 -1 #SUP: 11
579212 -1 579211 -1 #SUP: 17
579213 -1 579184 -1 #SUP: 12
579213 -1 579202 -1 #SUP: 14
579213 -1 579211 -1 #SUP: 11
579213 -1 579212 -1 #SUP: 11
579213 -1 579214 -1 #SUP: 11
579215 -1 579184 -1 #SUP: 11
579220 -1 579179 -1 #SUP: 12
579221 -1 534891 -1 #SUP: 12
579221 -1 579180 -1 #SUP: 11
579222 -1 579226 -1 #SUP: 14
579223 -1 579175 -1 #SUP: 11
579223 -1 579184 -1 #SUP: 11
579223 -1 579224 -1 #SUP: 12
579224 -1 579175 -1 #SUP: 13
579224 -1 579176 -1 #SUP: 15
579224 -1 579179 -1 #SUP: 13
579224 -1 579180 -1 #SUP: 11
579224 -1 579223 -1 #SUP: 15
579224 -1 579226 -1 #SUP: 21
579224 -1 579227 -1 #SUP: 14
579225 -1 579226 -1 #SUP: 13
579226 -1 534856 -1 #SUP: 12
579226 -1 534872 -1 #SUP: 17
579226 -1 534874 -1 #SUP: 12
579226 -1 534875 -1 #SUP: 14
579226 -1 534876 -1 #SUP: 15
579226 -1 534879 -1 #SUP: 16
579226 -1 534884 -1 #SUP: 23
579226 -1 534885 -1 #SUP: 16
579226 -1 534887 -1 #SUP: 15
579226 -1 579224 -1 #SUP: 11
579226 -1 579225 -1 #SUP: 12
579226 -1 579227 -1 #SUP: 24
579226 -1 579237 -1 #SUP: 16
579227 -1 579175 -1 #SUP: 11
579227 -1 579226 -1 #SUP: 15
579227 -1 579234 -1 #SUP: 13
579227 -1 579236 -1 #SUP: 14
579229 -1 579224 -1 #SUP: 11
579229 -1 579226 -1 #SUP: 12
579230 -1 579226 -1 #SUP: 12
579233 -1 579227 -1 #SUP: 13
579233 -1 579254 -1 #SUP: 11
579234 -1 579238 -1 #SUP: 14
579234 -1 579239 -1 #SUP: 11
579234 -1 579240 -1 #SUP: 14
579234 -1 579241 -1 #SUP: 15
579235 -1 579236 -1 #SUP: 11
579237 -1 579226 -1 #SUP: 13
579237 -1 579227 -1 #SUP: 13
579238 -1 534873 -1 #SUP: 11
579240 -1 534870 -1 #SUP: 12
579240 -1 579241 -1 #SUP: 12
579241 -1 534870 -1 #SUP: 11
579241 -1 534871 -1 #SUP: 11
579241 -1 579238 -1 #SUP: 14
579241 -1 579240 -1 #SUP: 11
579247 -1 579250 -1 #SUP: 12
579250 -1 579249 -1 #SUP: 11
579250 -1 579261 -1 #SUP: 16
579254 -1 579257 -1 #SUP: 14
579256 -1 579257 -1 #SUP: 14
579257 -1 579193 -1 #SUP: 11
579257 -1 579202 -1 #SUP: 13
579257 -1 579206 -1 #SUP: 21
579257 -1 579207 -1 #SUP: 16
579257 -1 579213 -1 #SUP: 11
579257 -1 579254 -1 #SUP: 19
579257 -1 579257 -1 #SUP: 11
579257 -1 579258 -1 #SUP: 12
579257 -1 579285 -1 #SUP: 13
579258 -1 579257 -1 #SUP: 16
579258 -1 579279 -1 #SUP: 12
579261 -1 579206 -1 #SUP: 12
579279 -1 579258 -1 #SUP: 11
579279 -1 579280 -1 #SUP: 12
579283 -1 579280 -1 #SUP: 11
579283 -1 579284 -1 #SUP: 18
579283 -1 579285 -1 #SUP: 11
579284 -1 579114 -1 #SUP: 13
579284 -1 579283 -1 #SUP: 12
579284 -1 579285 -1 #SUP: 27
579285 -1 579114 -1 #SUP: 23
579285 -1 579116 -1 #SUP: 11
579285 -1 579200 -1 #SUP: 16
579285 -1 579201 -1 #SUP: 12
579285 -1 579202 -1 #SUP: 22
579285 -1 579203 -1 #SUP: 25
579285 -1 579283 -1 #SUP: 13
579285 -1 579284 -1 #SUP: 20
579291 -1 579288 -1 #SUP: 11
579424 -1 579404 -1 #SUP: 15
579425 -1 579404 -1 #SUP: 11
579932 -1 579931 -1 #SUP: 11
579932 -1 579939 -1 #SUP: 12
579942 -1 534166 -1 #SUP: 11
579943 -1 534166 -1 #SUP: 14
