557807 -1 557808 -1 -2 #SUP:21
557807 -1 557808 -1 557811 -1 -2 #SUP:10
557807 -1 557881 -1 -2 #SUP:13
557807 -1 557882 -1 -2 #SUP:23
557807 -1 557882 -1 557878 -1 -2 #SUP:5
557807 -1 557878 -1 -2 #SUP:12
557808 -1 557807 -1 -2 #SUP:15
557808 -1 557811 -1 -2 #SUP:17
557811 -1 557807 -1 -2 #SUP:13
557881 -1 557807 -1 -2 #SUP:10
557881 -1 557882 -1 -2 #SUP:22
557881 -1 557882 -1 557807 -1 -2 #SUP:8
557881 -1 557882 -1 557807 -1 557808 -1 -2 #SUP:3
557882 -1 557807 -1 -2 #SUP:37
557882 -1 557807 -1 557808 -1 -2 #SUP:6
557873 -1 557886 -1 -2 #SUP:12
557877 -1 557878 -1 -2 #SUP:17
557877 -1 557878 -1 557881 -1 -2 #SUP:7
557877 -1 557878 -1 557881 -1 557882 -1 -2 #SUP:3
557878 -1 557881 -1 -2 #SUP:22
557878 -1 557881 -1 557882 -1 -2 #SUP:7
578942 -1 578941 -1 -2 #SUP:10
578989 -1 578984 -1 -2 #SUP:10
578991 -1 578990 -1 -2 #SUP:15
578992 -1 578991 -1 -2 #SUP:13
578992 -1 578993 -1 -2 #SUP:15
578992 -1 578993 -1 579150 -1 -2 #SUP:5
578993 -1 578992 -1 -2 #SUP:15
578993 -1 579150 -1 -2 #SUP:12
579037 -1 579032 -1 -2 #SUP:12
579099 -1 579101 -1 -2 #SUP:10
579114 -1 579116 -1 -2 #SUP:14
579114 -1 579111 -1 -2 #SUP:12
579114 -1 579199 -1 -2 #SUP:11
579114 -1 579199 -1 579196 -1 -2 #SUP:5
579114 -1 579285 -1 -2 #SUP:19
579116 -1 579114 -1 -2 #SUP:10
579116 -1 579119 -1 -2 #SUP:14
579119 -1 579116 -1 -2 #SUP:13
579106 -1 579117 -1 -2 #SUP:12
579108 -1 579111 -1 -2 #SUP:11
579120 -1 579141 -1 -2 #SUP:12
579150 -1 578993 -1 -2 #SUP:10
579150 -1 579149 -1 -2 #SUP:11
579150 -1 579137 -1 -2 #SUP:11
579137 -1 579150 -1 -2 #SUP:15
579138 -1 579139 -1 -2 #SUP:10
579141 -1 579120 -1 -2 #SUP:12
579143 -1 579138 -1 -2 #SUP:15
579160 -1 579161 -1 -2 #SUP:13
579161 -1 579160 -1 -2 #SUP:10
579161 -1 534950 -1 -2 #SUP:12
579163 -1 579172 -1 -2 #SUP:11
579164 -1 579172 -1 -2 #SUP:12
579167 -1 579146 -1 -2 #SUP:10
579167 -1 579172 -1 -2 #SUP:10
579176 -1 579175 -1 -2 #SUP:11
579179 -1 579180 -1 -2 #SUP:14
579179 -1 579220 -1 -2 #SUP:11
579179 -1 579223 -1 -2 #SUP:15
579179 -1 579223 -1 579226 -1 -2 #SUP:5
579180 -1 579179 -1 -2 #SUP:21
579180 -1 579183 -1 -2 #SUP:19
579180 -1 579183 -1 579184 -1 -2 #SUP:5
579181 -1 579180 -1 -2 #SUP:11
579182 -1 579169 -1 -2 #SUP:10
579183 -1 579180 -1 -2 #SUP:16
579183 -1 579182 -1 -2 #SUP:10
579183 -1 579184 -1 -2 #SUP:12
579169 -1 579182 -1 -2 #SUP:13
579169 -1 579175 -1 -2 #SUP:13
579172 -1 579163 -1 -2 #SUP:10
579172 -1 579173 -1 -2 #SUP:10
579172 -1 579175 -1 -2 #SUP:22
579173 -1 579172 -1 -2 #SUP:14
579174 -1 579173 -1 -2 #SUP:12
579175 -1 579179 -1 -2 #SUP:10
579175 -1 579172 -1 -2 #SUP:17
579192 -1 579197 -1 -2 #SUP:11
579193 -1 579192 -1 -2 #SUP:11
579193 -1 579194 -1 -2 #SUP:10
579193 -1 579190 -1 -2 #SUP:20
579193 -1 579190 -1 579189 -1 -2 #SUP:7
579194 -1 579119 -1 -2 #SUP:10
579194 -1 579192 -1 -2 #SUP:10
579194 -1 579193 -1 -2 #SUP:13
579196 -1 579197 -1 -2 #SUP:11
579197 -1 579196 -1 -2 #SUP:14
579197 -1 579198 -1 -2 #SUP:19
579197 -1 579186 -1 -2 #SUP:10
579198 -1 579197 -1 -2 #SUP:12
579198 -1 579185 -1 -2 #SUP:10
579198 -1 579185 -1 579184 -1 -2 #SUP:5
579198 -1 579201 -1 -2 #SUP:15
579198 -1 579202 -1 -2 #SUP:10
579184 -1 579180 -1 -2 #SUP:11
579184 -1 579183 -1 -2 #SUP:16
579184 -1 579183 -1 579180 -1 -2 #SUP:5
579184 -1 579183 -1 579180 -1 579179 -1 -2 #SUP:3
579184 -1 579187 -1 -2 #SUP:13
579187 -1 579184 -1 -2 #SUP:13
579187 -1 579184 -1 579183 -1 -2 #SUP:5
579189 -1 579169 -1 -2 #SUP:10
579189 -1 579190 -1 -2 #SUP:17
579189 -1 579190 -1 579193 -1 -2 #SUP:5
579190 -1 579193 -1 -2 #SUP:15
579190 -1 579189 -1 -2 #SUP:18
579211 -1 579213 -1 -2 #SUP:11
579212 -1 579211 -1 -2 #SUP:11
579213 -1 579211 -1 -2 #SUP:12
579213 -1 579202 -1 -2 #SUP:11
579215 -1 579184 -1 -2 #SUP:15
579201 -1 579198 -1 -2 #SUP:15
579201 -1 579202 -1 -2 #SUP:17
579202 -1 579213 -1 -2 #SUP:12
579202 -1 579201 -1 -2 #SUP:14
579202 -1 579207 -1 -2 #SUP:20
579202 -1 579207 -1 579257 -1 -2 #SUP:5
579202 -1 579285 -1 -2 #SUP:12
579203 -1 579202 -1 -2 #SUP:15
579206 -1 579207 -1 -2 #SUP:11
579207 -1 579202 -1 -2 #SUP:21
579207 -1 579206 -1 -2 #SUP:13
579207 -1 579257 -1 -2 #SUP:10
579224 -1 579226 -1 -2 #SUP:13
579224 -1 579227 -1 -2 #SUP:18
579224 -1 579229 -1 -2 #SUP:10
579226 -1 579227 -1 -2 #SUP:22
579226 -1 579237 -1 -2 #SUP:16
579227 -1 579224 -1 -2 #SUP:10
579227 -1 579226 -1 -2 #SUP:17
579229 -1 579230 -1 -2 #SUP:10
579230 -1 579211 -1 -2 #SUP:18
579230 -1 579211 -1 579213 -1 -2 #SUP:5
579220 -1 579179 -1 -2 #SUP:10
579221 -1 579222 -1 -2 #SUP:11
579222 -1 579226 -1 -2 #SUP:11
579223 -1 579224 -1 -2 #SUP:12
579223 -1 579227 -1 -2 #SUP:10
579241 -1 579238 -1 -2 #SUP:12
579247 -1 579248 -1 -2 #SUP:10
579234 -1 579233 -1 -2 #SUP:12
579234 -1 579239 -1 -2 #SUP:10
579237 -1 579226 -1 -2 #SUP:18
579256 -1 579257 -1 -2 #SUP:10
579257 -1 579206 -1 -2 #SUP:12
579257 -1 579258 -1 -2 #SUP:10
579258 -1 579257 -1 -2 #SUP:11
579260 -1 579261 -1 -2 #SUP:14
579260 -1 579263 -1 -2 #SUP:11
579261 -1 579260 -1 -2 #SUP:14
579248 -1 579250 -1 -2 #SUP:12
579250 -1 579249 -1 -2 #SUP:11
579279 -1 579257 -1 -2 #SUP:13
579280 -1 579279 -1 -2 #SUP:12
579284 -1 579283 -1 -2 #SUP:10
579284 -1 579285 -1 -2 #SUP:14
579285 -1 579114 -1 -2 #SUP:21
579285 -1 579200 -1 -2 #SUP:14
579285 -1 579202 -1 -2 #SUP:14
579285 -1 579203 -1 -2 #SUP:15
579285 -1 579203 -1 579202 -1 -2 #SUP:6
579285 -1 579284 -1 -2 #SUP:14
579286 -1 579285 -1 -2 #SUP:16
579425 -1 579424 -1 -2 #SUP:10
579917 -1 579912 -1 -2 #SUP:10
579931 -1 579932 -1 -2 #SUP:13
579932 -1 579931 -1 -2 #SUP:12
579932 -1 579939 -1 -2 #SUP:10
579936 -1 579957 -1 -2 #SUP:11
579941 -1 534170 -1 -2 #SUP:11
579998 -1 579978 -1 -2 #SUP:11
534061 -1 534060 -1 -2 #SUP:10
534141 -1 534142 -1 -2 #SUP:14
534142 -1 534145 -1 -2 #SUP:10
534142 -1 534146 -1 -2 #SUP:11
534170 -1 534166 -1 -2 #SUP:10
534174 -1 534173 -1 -2 #SUP:11
534166 -1 579942 -1 -2 #SUP:10
534166 -1 534167 -1 -2 #SUP:14
534167 -1 534164 -1 -2 #SUP:11
534167 -1 534166 -1 -2 #SUP:13
534186 -1 534185 -1 -2 #SUP:12
534200 -1 534205 -1 -2 #SUP:15
534204 -1 534209 -1 -2 #SUP:13
534205 -1 534200 -1 -2 #SUP:14
534205 -1 534209 -1 -2 #SUP:10
534193 -1 534192 -1 -2 #SUP:12
534194 -1 534205 -1 -2 #SUP:14
534216 -1 534217 -1 -2 #SUP:15
534216 -1 534217 -1 534261 -1 -2 #SUP:5
534219 -1 534216 -1 -2 #SUP:11
534221 -1 534216 -1 -2 #SUP:12
534208 -1 534209 -1 -2 #SUP:17
534208 -1 534846 -1 -2 #SUP:11
534209 -1 534221 -1 -2 #SUP:11
534209 -1 534221 -1 534216 -1 -2 #SUP:5
534209 -1 534208 -1 -2 #SUP:15
534211 -1 534847 -1 -2 #SUP:13
534212 -1 534216 -1 -2 #SUP:10
534215 -1 534212 -1 -2 #SUP:10
534232 -1 534233 -1 -2 #SUP:10
534233 -1 534054 -1 -2 #SUP:13
534233 -1 534232 -1 -2 #SUP:12
534224 -1 534222 -1 -2 #SUP:13
534261 -1 534265 -1 -2 #SUP:10
534262 -1 534265 -1 -2 #SUP:13
534281 -1 534278 -1 -2 #SUP:23
534282 -1 534281 -1 -2 #SUP:13
534282 -1 534281 -1 534278 -1 -2 #SUP:5
534282 -1 534278 -1 -2 #SUP:21
534283 -1 534282 -1 -2 #SUP:12
534284 -1 534283 -1 -2 #SUP:15
534284 -1 534283 -1 534282 -1 -2 #SUP:7
534284 -1 534287 -1 -2 #SUP:11
534284 -1 534289 -1 -2 #SUP:18
534287 -1 534284 -1 -2 #SUP:13
534273 -1 534279 -1 -2 #SUP:13
534274 -1 534273 -1 -2 #SUP:11
534274 -1 534279 -1 -2 #SUP:10
534276 -1 534275 -1 -2 #SUP:13
534276 -1 534278 -1 -2 #SUP:12
534278 -1 534276 -1 -2 #SUP:10
534278 -1 534279 -1 -2 #SUP:14
534279 -1 534281 -1 -2 #SUP:15
534279 -1 534274 -1 -2 #SUP:19
534279 -1 534274 -1 534273 -1 -2 #SUP:7
534279 -1 534278 -1 -2 #SUP:15
534296 -1 534289 -1 -2 #SUP:10
534296 -1 534289 -1 534284 -1 -2 #SUP:6
534289 -1 534284 -1 -2 #SUP:18
534329 -1 534327 -1 -2 #SUP:11
534332 -1 534331 -1 -2 #SUP:10
534323 -1 534327 -1 -2 #SUP:14
534324 -1 534327 -1 -2 #SUP:12
534325 -1 534324 -1 -2 #SUP:13
534327 -1 534329 -1 -2 #SUP:10
534703 -1 534704 -1 -2 #SUP:11
534703 -1 534704 -1 534707 -1 -2 #SUP:5
534690 -1 534695 -1 -2 #SUP:11
534694 -1 534695 -1 -2 #SUP:11
534695 -1 534690 -1 -2 #SUP:10
534716 -1 534721 -1 -2 #SUP:10
534704 -1 534707 -1 -2 #SUP:13
534707 -1 534704 -1 -2 #SUP:14
534730 -1 534731 -1 -2 #SUP:10
534768 -1 534287 -1 -2 #SUP:11
534771 -1 534768 -1 -2 #SUP:12
534792 -1 534795 -1 -2 #SUP:10
534808 -1 534810 -1 -2 #SUP:12
534808 -1 534807 -1 -2 #SUP:10
534810 -1 534821 -1 -2 #SUP:11
534810 -1 535013 -1 -2 #SUP:10
534804 -1 534724 -1 -2 #SUP:13
534828 -1 534827 -1 -2 #SUP:10
534816 -1 534815 -1 -2 #SUP:11
534816 -1 534837 -1 -2 #SUP:17
534819 -1 534816 -1 -2 #SUP:12
534820 -1 534819 -1 -2 #SUP:16
534820 -1 534821 -1 -2 #SUP:11
534820 -1 534837 -1 -2 #SUP:11
534821 -1 534810 -1 -2 #SUP:17
534821 -1 534820 -1 -2 #SUP:21
534821 -1 534820 -1 534819 -1 -2 #SUP:7
534821 -1 534820 -1 534819 -1 534816 -1 -2 #SUP:3
534821 -1 534820 -1 534819 -1 534816 -1 534837 -1 -2 #SUP:2
534821 -1 535002 -1 -2 #SUP:10
534841 -1 534838 -1 -2 #SUP:13
534842 -1 534213 -1 -2 #SUP:11
534842 -1 534841 -1 -2 #SUP:10
534843 -1 534840 -1 -2 #SUP:10
534846 -1 534840 -1 -2 #SUP:12
534846 -1 534847 -1 -2 #SUP:19
534846 -1 534847 -1 534208 -1 -2 #SUP:9
534846 -1 534833 -1 -2 #SUP:17
534846 -1 534833 -1 534832 -1 -2 #SUP:6
534847 -1 534208 -1 -2 #SUP:14
534847 -1 534208 -1 534209 -1 -2 #SUP:6
534847 -1 534846 -1 -2 #SUP:16
534847 -1 534846 -1 534833 -1 -2 #SUP:5
534833 -1 534846 -1 -2 #SUP:12
534833 -1 534832 -1 -2 #SUP:15
534837 -1 534819 -1 -2 #SUP:10
534837 -1 534841 -1 -2 #SUP:11
534837 -1 534838 -1 -2 #SUP:14
534838 -1 534841 -1 -2 #SUP:15
534838 -1 534837 -1 -2 #SUP:12
534839 -1 534834 -1 -2 #SUP:12
534848 -1 534851 -1 -2 #SUP:13
534851 -1 534846 -1 -2 #SUP:11
534872 -1 534860 -1 -2 #SUP:12
534872 -1 534875 -1 -2 #SUP:11
534872 -1 534875 -1 534884 -1 -2 #SUP:6
534872 -1 534877 -1 -2 #SUP:14
534872 -1 534871 -1 -2 #SUP:24
534874 -1 579237 -1 -2 #SUP:13
534874 -1 579237 -1 579226 -1 -2 #SUP:5
534875 -1 534872 -1 -2 #SUP:11
534875 -1 534884 -1 -2 #SUP:19
534876 -1 534883 -1 -2 #SUP:13
534877 -1 534878 -1 -2 #SUP:10
534868 -1 534871 -1 -2 #SUP:11
534870 -1 579241 -1 -2 #SUP:11
534870 -1 534871 -1 -2 #SUP:12
534871 -1 534872 -1 -2 #SUP:15
534871 -1 534868 -1 -2 #SUP:12
534892 -1 534891 -1 -2 #SUP:10
534883 -1 534884 -1 -2 #SUP:14
534884 -1 534875 -1 -2 #SUP:11
534884 -1 534887 -1 -2 #SUP:11
534885 -1 579226 -1 -2 #SUP:17
534887 -1 534884 -1 -2 #SUP:16
534921 -1 534916 -1 -2 #SUP:10
534916 -1 534995 -1 -2 #SUP:11
534916 -1 534995 -1 534994 -1 -2 #SUP:6
534917 -1 534970 -1 -2 #SUP:12
534938 -1 534936 -1 -2 #SUP:10
534938 -1 534936 -1 534941 -1 -2 #SUP:5
534941 -1 534936 -1 -2 #SUP:10
534941 -1 534930 -1 -2 #SUP:10
534930 -1 534931 -1 -2 #SUP:10
534935 -1 534934 -1 -2 #SUP:13
534953 -1 534950 -1 -2 #SUP:14
534947 -1 534944 -1 -2 #SUP:11
534947 -1 534946 -1 -2 #SUP:11
534948 -1 534949 -1 -2 #SUP:16
534948 -1 534949 -1 534950 -1 -2 #SUP:5
534949 -1 534950 -1 -2 #SUP:12
534950 -1 579161 -1 -2 #SUP:10
534950 -1 579161 -1 579160 -1 -2 #SUP:5
534950 -1 534949 -1 -2 #SUP:13
534951 -1 534948 -1 -2 #SUP:11
534985 -1 535030 -1 -2 #SUP:10
534977 -1 534978 -1 -2 #SUP:10
535002 -1 534821 -1 -2 #SUP:20
535002 -1 534821 -1 534810 -1 -2 #SUP:5
535002 -1 534821 -1 534820 -1 -2 #SUP:6
535003 -1 535002 -1 -2 #SUP:11
534993 -1 534994 -1 -2 #SUP:19
534994 -1 534999 -1 -2 #SUP:12
534995 -1 534994 -1 -2 #SUP:13
534995 -1 534994 -1 534999 -1 -2 #SUP:5
535023 -1 535024 -1 -2 #SUP:10
535013 -1 534810 -1 -2 #SUP:15
535038 -1 535024 -1 -2 #SUP:11
535120 -1 535121 -1 -2 #SUP:12
535123 -1 535124 -1 -2 #SUP:11
535124 -1 535128 -1 -2 #SUP:11
535139 -1 535140 -1 -2 #SUP:10
535140 -1 535142 -1 -2 #SUP:10
