533180 -1 533183 -1 -2 #SUP:16
533182 -1 533181 -1 -2 #SUP:38
533182 -1 533183 -1 -2 #SUP:16
557807 -1 557808 -1 -2 #SUP:16
557807 -1 557859 -1 -2 #SUP:17
557807 -1 557881 -1 -2 #SUP:21
557807 -1 557882 -1 -2 #SUP:22
557807 -1 557872 -1 -2 #SUP:11
557807 -1 557878 -1 -2 #SUP:20
557808 -1 557807 -1 -2 #SUP:23
557808 -1 557811 -1 -2 #SUP:19
557808 -1 557859 -1 -2 #SUP:17
557808 -1 557878 -1 -2 #SUP:14
557811 -1 557807 -1 -2 #SUP:17
557811 -1 557859 -1 -2 #SUP:14
557811 -1 557881 -1 -2 #SUP:14
557811 -1 557882 -1 -2 #SUP:17
557811 -1 557878 -1 -2 #SUP:16
557856 -1 557807 -1 -2 #SUP:13
557856 -1 557811 -1 -2 #SUP:11
557859 -1 557807 -1 -2 #SUP:18
557859 -1 557811 -1 -2 #SUP:16
557859 -1 557878 -1 -2 #SUP:11
557881 -1 557807 -1 -2 #SUP:17
557881 -1 557882 -1 -2 #SUP:19
557881 -1 557886 -1 -2 #SUP:14
557881 -1 557872 -1 -2 #SUP:11
557881 -1 557878 -1 -2 #SUP:20
557882 -1 557807 -1 -2 #SUP:39
557882 -1 557808 -1 -2 #SUP:16
557882 -1 557881 -1 -2 #SUP:11
557882 -1 557886 -1 -2 #SUP:11
557882 -1 557878 -1 -2 #SUP:15
557885 -1 557886 -1 -2 #SUP:12
557873 -1 557886 -1 -2 #SUP:17
557873 -1 557872 -1 -2 #SUP:12
557873 -1 557878 -1 -2 #SUP:12
557873 -1 557879 -1 -2 #SUP:12
557877 -1 557881 -1 -2 #SUP:13
557877 -1 557878 -1 -2 #SUP:12
557878 -1 557807 -1 -2 #SUP:14
557878 -1 557882 -1 -2 #SUP:12
557878 -1 557886 -1 -2 #SUP:11
557878 -1 557872 -1 -2 #SUP:13
557878 -1 557894 -1 -2 #SUP:11
557879 -1 557886 -1 -2 #SUP:11
533410 -1 533415 -1 -2 #SUP:24
558038 -1 557807 -1 -2 #SUP:11
534120 -1 534164 -1 -2 #SUP:11
534141 -1 534142 -1 -2 #SUP:14
534155 -1 534146 -1 -2 #SUP:11
534159 -1 534155 -1 -2 #SUP:11
534146 -1 534145 -1 -2 #SUP:11
534169 -1 534170 -1 -2 #SUP:12
534169 -1 534166 -1 -2 #SUP:11
534164 -1 534166 -1 -2 #SUP:12
534166 -1 534167 -1 -2 #SUP:11
534167 -1 534168 -1 -2 #SUP:11
534167 -1 534166 -1 -2 #SUP:17
534185 -1 534186 -1 -2 #SUP:12
534185 -1 534872 -1 -2 #SUP:11
534200 -1 534205 -1 -2 #SUP:13
534201 -1 534205 -1 -2 #SUP:11
534204 -1 534205 -1 -2 #SUP:11
534204 -1 534192 -1 -2 #SUP:11
534205 -1 534200 -1 -2 #SUP:11
534205 -1 534202 -1 -2 #SUP:12
534205 -1 534216 -1 -2 #SUP:12
534205 -1 534221 -1 -2 #SUP:14
534205 -1 534208 -1 -2 #SUP:11
534205 -1 534209 -1 -2 #SUP:14
534205 -1 534867 -1 -2 #SUP:12
534205 -1 534868 -1 -2 #SUP:11
534192 -1 534205 -1 -2 #SUP:20
534192 -1 534868 -1 -2 #SUP:11
534193 -1 534205 -1 -2 #SUP:16
534194 -1 534205 -1 -2 #SUP:14
534195 -1 534205 -1 -2 #SUP:11
534216 -1 534217 -1 -2 #SUP:11
534216 -1 534221 -1 -2 #SUP:12
534216 -1 534222 -1 -2 #SUP:11
534216 -1 534208 -1 -2 #SUP:11
534217 -1 534216 -1 -2 #SUP:15
534221 -1 534205 -1 -2 #SUP:11
534222 -1 534208 -1 -2 #SUP:18
534222 -1 534209 -1 -2 #SUP:12
534222 -1 534847 -1 -2 #SUP:12
534223 -1 534222 -1 -2 #SUP:14
534223 -1 534208 -1 -2 #SUP:12
534223 -1 534224 -1 -2 #SUP:12
534208 -1 534223 -1 -2 #SUP:12
534208 -1 534209 -1 -2 #SUP:23
534208 -1 534846 -1 -2 #SUP:16
534208 -1 534847 -1 -2 #SUP:18
534209 -1 534221 -1 -2 #SUP:11
534209 -1 534222 -1 -2 #SUP:13
534209 -1 534223 -1 -2 #SUP:14
534209 -1 534208 -1 -2 #SUP:22
534209 -1 534224 -1 -2 #SUP:13
534211 -1 534212 -1 -2 #SUP:13
534211 -1 534213 -1 -2 #SUP:14
534212 -1 534208 -1 -2 #SUP:12
534212 -1 534213 -1 -2 #SUP:13
534213 -1 534841 -1 -2 #SUP:14
534213 -1 534842 -1 -2 #SUP:15
534237 -1 534232 -1 -2 #SUP:16
534238 -1 534232 -1 -2 #SUP:12
534243 -1 534240 -1 -2 #SUP:13
534243 -1 534261 -1 -2 #SUP:13
534244 -1 534243 -1 -2 #SUP:11
534245 -1 534243 -1 -2 #SUP:11
534265 -1 534212 -1 -2 #SUP:11
534265 -1 534213 -1 -2 #SUP:13
534265 -1 534838 -1 -2 #SUP:12
534269 -1 534269 -1 -2 #SUP:11
534269 -1 534258 -1 -2 #SUP:50
534271 -1 534786 -1 -2 #SUP:11
534257 -1 534258 -1 -2 #SUP:18
534257 -1 534276 -1 -2 #SUP:13
534258 -1 534269 -1 -2 #SUP:32
534258 -1 534257 -1 -2 #SUP:14
534258 -1 534258 -1 -2 #SUP:14
534261 -1 534216 -1 -2 #SUP:13
534261 -1 534217 -1 -2 #SUP:12
534261 -1 534265 -1 -2 #SUP:16
534261 -1 534260 -1 -2 #SUP:11
534281 -1 534278 -1 -2 #SUP:24
534282 -1 534281 -1 -2 #SUP:14
534282 -1 534284 -1 -2 #SUP:18
534282 -1 534278 -1 -2 #SUP:15
534282 -1 534323 -1 -2 #SUP:13
534284 -1 534282 -1 -2 #SUP:11
534284 -1 534289 -1 -2 #SUP:23
534284 -1 534772 -1 -2 #SUP:13
534287 -1 534284 -1 -2 #SUP:15
534276 -1 534278 -1 -2 #SUP:12
534278 -1 534258 -1 -2 #SUP:12
534278 -1 534276 -1 -2 #SUP:13
534278 -1 534279 -1 -2 #SUP:12
534279 -1 534274 -1 -2 #SUP:11
534296 -1 534284 -1 -2 #SUP:12
534296 -1 534289 -1 -2 #SUP:12
534289 -1 534284 -1 -2 #SUP:13
534289 -1 534288 -1 -2 #SUP:14
534331 -1 534330 -1 -2 #SUP:14
534320 -1 534323 -1 -2 #SUP:11
534323 -1 534324 -1 -2 #SUP:11
534323 -1 534327 -1 -2 #SUP:16
534325 -1 534282 -1 -2 #SUP:12
534690 -1 534695 -1 -2 #SUP:16
534692 -1 534695 -1 -2 #SUP:11
534694 -1 534695 -1 -2 #SUP:12
534694 -1 535385 -1 -2 #SUP:11
534695 -1 534690 -1 -2 #SUP:18
534695 -1 534694 -1 -2 #SUP:12
534707 -1 534702 -1 -2 #SUP:11
534707 -1 534704 -1 -2 #SUP:13
534707 -1 534710 -1 -2 #SUP:11
534724 -1 534810 -1 -2 #SUP:13
534724 -1 534821 -1 -2 #SUP:11
534761 -1 534762 -1 -2 #SUP:12
534771 -1 534287 -1 -2 #SUP:13
534771 -1 534772 -1 -2 #SUP:16
534772 -1 534284 -1 -2 #SUP:11
534792 -1 534837 -1 -2 #SUP:11
534793 -1 534837 -1 -2 #SUP:17
534793 -1 534838 -1 -2 #SUP:13
534799 -1 534800 -1 -2 #SUP:11
534786 -1 534791 -1 -2 #SUP:12
534790 -1 534838 -1 -2 #SUP:14
534808 -1 534810 -1 -2 #SUP:14
534810 -1 534820 -1 -2 #SUP:18
534810 -1 534821 -1 -2 #SUP:18
534807 -1 534724 -1 -2 #SUP:12
534827 -1 534826 -1 -2 #SUP:11
534831 -1 534827 -1 -2 #SUP:11
534816 -1 534819 -1 -2 #SUP:16
534816 -1 534841 -1 -2 #SUP:13
534816 -1 534837 -1 -2 #SUP:24
534816 -1 534838 -1 -2 #SUP:17
534819 -1 534824 -1 -2 #SUP:11
534819 -1 534816 -1 -2 #SUP:15
534819 -1 534820 -1 -2 #SUP:19
534819 -1 534821 -1 -2 #SUP:13
534819 -1 534842 -1 -2 #SUP:11
534819 -1 534837 -1 -2 #SUP:19
534819 -1 534838 -1 -2 #SUP:14
534819 -1 535002 -1 -2 #SUP:12
534820 -1 534816 -1 -2 #SUP:16
534820 -1 534819 -1 -2 #SUP:14
534820 -1 534821 -1 -2 #SUP:11
534820 -1 534841 -1 -2 #SUP:15
534820 -1 534837 -1 -2 #SUP:26
534821 -1 534724 -1 -2 #SUP:11
534821 -1 534810 -1 -2 #SUP:16
534821 -1 534824 -1 -2 #SUP:11
534821 -1 534816 -1 -2 #SUP:12
534821 -1 534819 -1 -2 #SUP:16
534821 -1 534820 -1 -2 #SUP:27
534821 -1 534837 -1 -2 #SUP:15
534821 -1 534838 -1 -2 #SUP:13
534821 -1 535002 -1 -2 #SUP:13
534840 -1 534846 -1 -2 #SUP:13
534841 -1 534838 -1 -2 #SUP:21
534842 -1 534816 -1 -2 #SUP:11
534842 -1 534841 -1 -2 #SUP:15
534842 -1 534838 -1 -2 #SUP:16
534846 -1 534840 -1 -2 #SUP:11
534846 -1 534847 -1 -2 #SUP:16
534846 -1 534833 -1 -2 #SUP:14
534846 -1 534851 -1 -2 #SUP:14
534847 -1 534208 -1 -2 #SUP:14
534847 -1 534209 -1 -2 #SUP:18
534847 -1 534211 -1 -2 #SUP:15
534847 -1 534212 -1 -2 #SUP:21
534847 -1 534846 -1 -2 #SUP:16
534847 -1 534848 -1 -2 #SUP:12
534832 -1 534827 -1 -2 #SUP:11
534832 -1 534831 -1 -2 #SUP:11
534833 -1 534846 -1 -2 #SUP:15
534833 -1 534847 -1 -2 #SUP:11
534833 -1 534832 -1 -2 #SUP:17
534837 -1 534819 -1 -2 #SUP:18
534837 -1 534820 -1 -2 #SUP:11
534837 -1 534841 -1 -2 #SUP:25
534837 -1 534842 -1 -2 #SUP:13
534837 -1 534838 -1 -2 #SUP:29
534838 -1 534816 -1 -2 #SUP:14
534838 -1 534819 -1 -2 #SUP:16
534838 -1 534840 -1 -2 #SUP:12
534838 -1 534841 -1 -2 #SUP:29
534838 -1 534837 -1 -2 #SUP:17
534838 -1 534839 -1 -2 #SUP:13
534839 -1 534840 -1 -2 #SUP:12
534839 -1 534841 -1 -2 #SUP:12
534839 -1 534836 -1 -2 #SUP:12
534839 -1 534838 -1 -2 #SUP:18
534861 -1 534193 -1 -2 #SUP:12
534861 -1 534847 -1 -2 #SUP:15
534848 -1 534212 -1 -2 #SUP:13
534853 -1 534906 -1 -2 #SUP:34
534872 -1 534186 -1 -2 #SUP:11
534872 -1 534877 -1 -2 #SUP:16
534872 -1 534871 -1 -2 #SUP:29
534872 -1 534884 -1 -2 #SUP:13
534873 -1 534872 -1 -2 #SUP:15
534873 -1 534871 -1 -2 #SUP:11
534873 -1 579237 -1 -2 #SUP:12
534874 -1 579237 -1 -2 #SUP:11
534875 -1 534872 -1 -2 #SUP:18
534875 -1 534884 -1 -2 #SUP:18
534875 -1 579226 -1 -2 #SUP:15
534875 -1 579227 -1 -2 #SUP:12
534876 -1 534856 -1 -2 #SUP:13
534876 -1 534884 -1 -2 #SUP:11
534879 -1 534856 -1 -2 #SUP:12
534879 -1 579226 -1 -2 #SUP:14
534867 -1 534205 -1 -2 #SUP:22
534867 -1 534192 -1 -2 #SUP:14
534867 -1 534192 -1 534205 -1 -2 #SUP:11
534868 -1 534205 -1 -2 #SUP:13
534868 -1 534871 -1 -2 #SUP:17
534871 -1 534186 -1 -2 #SUP:14
534871 -1 534872 -1 -2 #SUP:11
534888 -1 534888 -1 -2 #SUP:19
534888 -1 534893 -1 -2 #SUP:32
534888 -1 534893 -1 534888 -1 -2 #SUP:18
534888 -1 534884 -1 -2 #SUP:17
534891 -1 534892 -1 -2 #SUP:14
534891 -1 534884 -1 -2 #SUP:16
534891 -1 579179 -1 -2 #SUP:11
534893 -1 534888 -1 -2 #SUP:45
534893 -1 534888 -1 534893 -1 -2 #SUP:15
534893 -1 534893 -1 -2 #SUP:15
534894 -1 534880 -1 -2 #SUP:11
534881 -1 534894 -1 -2 #SUP:11
534881 -1 534880 -1 -2 #SUP:12
534881 -1 534882 -1 -2 #SUP:11
534882 -1 534892 -1 -2 #SUP:11
534884 -1 534872 -1 -2 #SUP:25
534884 -1 534872 -1 534871 -1 -2 #SUP:11
534884 -1 534875 -1 -2 #SUP:18
534884 -1 534871 -1 -2 #SUP:14
534884 -1 534891 -1 -2 #SUP:12
534885 -1 534876 -1 -2 #SUP:11
534885 -1 579226 -1 -2 #SUP:12
534885 -1 579227 -1 -2 #SUP:14
534887 -1 534882 -1 -2 #SUP:16
534887 -1 534884 -1 -2 #SUP:24
534906 -1 534853 -1 -2 #SUP:16
534911 -1 534915 -1 -2 #SUP:11
534921 -1 534947 -1 -2 #SUP:15
534921 -1 534994 -1 -2 #SUP:11
534917 -1 534921 -1 -2 #SUP:15
534917 -1 534994 -1 -2 #SUP:11
534918 -1 534921 -1 -2 #SUP:13
534939 -1 534948 -1 -2 #SUP:11
534931 -1 579177 -1 -2 #SUP:11
534932 -1 534891 -1 -2 #SUP:12
534935 -1 534931 -1 -2 #SUP:15
534953 -1 534950 -1 -2 #SUP:15
534957 -1 534958 -1 -2 #SUP:12
534947 -1 534957 -1 -2 #SUP:12
534947 -1 534958 -1 -2 #SUP:11
534947 -1 535124 -1 -2 #SUP:12
534947 -1 579179 -1 -2 #SUP:11
534948 -1 534947 -1 -2 #SUP:11
534948 -1 534949 -1 -2 #SUP:12
534949 -1 579172 -1 -2 #SUP:11
534949 -1 579175 -1 -2 #SUP:12
534950 -1 534949 -1 -2 #SUP:13
534970 -1 534917 -1 -2 #SUP:15
534961 -1 534974 -1 -2 #SUP:11
534966 -1 534921 -1 -2 #SUP:11
534988 -1 534994 -1 -2 #SUP:12
534977 -1 534972 -1 -2 #SUP:11
534978 -1 534707 -1 -2 #SUP:11
534978 -1 534984 -1 -2 #SUP:11
534978 -1 534988 -1 -2 #SUP:12
534979 -1 534978 -1 -2 #SUP:13
535002 -1 534724 -1 -2 #SUP:14
535002 -1 534816 -1 -2 #SUP:12
535002 -1 534819 -1 -2 #SUP:16
535002 -1 534820 -1 -2 #SUP:19
535002 -1 534821 -1 -2 #SUP:18
535002 -1 534841 -1 -2 #SUP:11
535002 -1 534838 -1 -2 #SUP:12
535003 -1 534820 -1 -2 #SUP:11
535003 -1 534821 -1 -2 #SUP:13
535003 -1 535002 -1 -2 #SUP:12
535004 -1 535002 -1 -2 #SUP:13
535004 -1 535005 -1 -2 #SUP:11
535005 -1 534994 -1 -2 #SUP:11
534993 -1 534994 -1 -2 #SUP:13
534994 -1 534921 -1 -2 #SUP:11
534994 -1 534999 -1 -2 #SUP:13
535008 -1 534821 -1 -2 #SUP:11
535032 -1 535034 -1 -2 #SUP:11
535038 -1 535032 -1 -2 #SUP:12
535030 -1 535027 -1 -2 #SUP:11
535052 -1 535041 -1 -2 #SUP:11
535040 -1 535041 -1 -2 #SUP:11
535042 -1 535041 -1 -2 #SUP:14
535120 -1 535121 -1 -2 #SUP:15
535121 -1 534958 -1 -2 #SUP:12
535121 -1 535120 -1 -2 #SUP:14
535126 -1 535124 -1 -2 #SUP:13
535147 -1 535188 -1 -2 #SUP:11
535136 -1 535137 -1 -2 #SUP:11
535139 -1 535136 -1 -2 #SUP:12
535142 -1 535136 -1 -2 #SUP:12
535142 -1 535140 -1 -2 #SUP:11
535268 -1 535278 -1 -2 #SUP:12
535268 -1 535299 -1 -2 #SUP:12
578115 -1 578114 -1 -2 #SUP:20
578827 -1 557807 -1 -2 #SUP:15
578827 -1 557882 -1 -2 #SUP:11
578854 -1 557807 -1 -2 #SUP:11
578992 -1 535124 -1 -2 #SUP:12
578992 -1 578993 -1 -2 #SUP:12
578992 -1 579137 -1 -2 #SUP:11
578992 -1 579138 -1 -2 #SUP:12
578993 -1 578992 -1 -2 #SUP:13
579037 -1 579025 -1 -2 #SUP:11
579099 -1 579101 -1 -2 #SUP:12
579103 -1 579106 -1 -2 #SUP:13
579114 -1 579101 -1 -2 #SUP:12
579114 -1 579114 -1 -2 #SUP:13
579114 -1 579111 -1 -2 #SUP:19
579114 -1 579198 -1 -2 #SUP:16
579114 -1 579199 -1 -2 #SUP:14
579114 -1 579200 -1 -2 #SUP:16
579114 -1 579201 -1 -2 #SUP:13
579114 -1 579202 -1 -2 #SUP:12
579114 -1 579285 -1 -2 #SUP:25
579115 -1 579114 -1 -2 #SUP:11
579116 -1 579114 -1 -2 #SUP:12
579116 -1 579285 -1 -2 #SUP:14
579106 -1 579103 -1 -2 #SUP:11
579106 -1 579285 -1 -2 #SUP:13
579108 -1 579099 -1 -2 #SUP:13
579108 -1 579101 -1 -2 #SUP:19
579108 -1 579111 -1 -2 #SUP:14
579111 -1 579101 -1 -2 #SUP:12
579111 -1 579114 -1 -2 #SUP:13
579120 -1 579114 -1 -2 #SUP:11
579146 -1 579172 -1 -2 #SUP:13
579150 -1 579138 -1 -2 #SUP:14
579150 -1 579193 -1 -2 #SUP:11
579137 -1 579138 -1 -2 #SUP:15
579137 -1 579193 -1 -2 #SUP:11
579137 -1 579189 -1 -2 #SUP:11
579138 -1 578992 -1 -2 #SUP:11
579138 -1 578993 -1 -2 #SUP:11
579138 -1 579137 -1 -2 #SUP:17
579138 -1 579193 -1 -2 #SUP:14
579138 -1 579202 -1 -2 #SUP:13
579142 -1 579193 -1 -2 #SUP:12
579143 -1 579138 -1 -2 #SUP:24
579143 -1 579193 -1 -2 #SUP:16
579143 -1 579189 -1 -2 #SUP:12
579161 -1 579175 -1 -2 #SUP:12
579163 -1 579172 -1 -2 #SUP:12
579164 -1 579172 -1 -2 #SUP:20
579167 -1 579138 -1 -2 #SUP:11
579167 -1 579164 -1 -2 #SUP:16
579167 -1 579172 -1 -2 #SUP:16
579176 -1 579179 -1 -2 #SUP:17
579176 -1 579175 -1 -2 #SUP:14
579177 -1 579175 -1 -2 #SUP:13
579178 -1 534892 -1 -2 #SUP:13
579178 -1 579221 -1 -2 #SUP:12
579179 -1 534891 -1 -2 #SUP:14
579179 -1 579176 -1 -2 #SUP:12
579179 -1 579178 -1 -2 #SUP:17
579179 -1 579180 -1 -2 #SUP:21
579179 -1 579183 -1 -2 #SUP:15
579179 -1 579175 -1 -2 #SUP:12
579179 -1 579184 -1 -2 #SUP:12
579179 -1 579224 -1 -2 #SUP:16
579179 -1 579220 -1 -2 #SUP:12
579179 -1 579221 -1 -2 #SUP:15
579179 -1 579223 -1 -2 #SUP:12
579180 -1 579179 -1 -2 #SUP:17
579180 -1 579182 -1 -2 #SUP:11
579180 -1 579183 -1 -2 #SUP:26
579180 -1 579199 -1 -2 #SUP:12
579180 -1 579184 -1 -2 #SUP:25
579181 -1 579180 -1 -2 #SUP:13
579183 -1 579180 -1 -2 #SUP:15
579183 -1 579184 -1 -2 #SUP:18
579169 -1 579182 -1 -2 #SUP:11
579169 -1 579172 -1 -2 #SUP:11
579170 -1 579175 -1 -2 #SUP:13
579171 -1 579175 -1 -2 #SUP:13
579172 -1 534948 -1 -2 #SUP:13
579172 -1 579138 -1 -2 #SUP:16
579172 -1 579160 -1 -2 #SUP:12
579172 -1 579163 -1 -2 #SUP:13
579172 -1 579164 -1 -2 #SUP:11
579172 -1 579176 -1 -2 #SUP:14
579172 -1 579179 -1 -2 #SUP:14
579172 -1 579173 -1 -2 #SUP:11
579172 -1 579175 -1 -2 #SUP:19
579173 -1 579175 -1 -2 #SUP:12
579175 -1 534931 -1 -2 #SUP:11
579175 -1 579176 -1 -2 #SUP:16
579175 -1 579177 -1 -2 #SUP:11
579175 -1 579178 -1 -2 #SUP:11
579175 -1 579179 -1 -2 #SUP:22
579175 -1 579172 -1 -2 #SUP:22
579175 -1 579175 -1 -2 #SUP:12
579175 -1 579224 -1 -2 #SUP:11
579192 -1 579138 -1 -2 #SUP:14
579192 -1 579198 -1 -2 #SUP:15
579192 -1 579202 -1 -2 #SUP:12
579193 -1 579138 -1 -2 #SUP:16
579193 -1 579192 -1 -2 #SUP:12
579193 -1 579194 -1 -2 #SUP:15
579193 -1 579197 -1 -2 #SUP:18
579193 -1 579198 -1 -2 #SUP:14
579193 -1 579189 -1 -2 #SUP:12
579193 -1 579190 -1 -2 #SUP:12
579193 -1 579201 -1 -2 #SUP:12
579194 -1 579119 -1 -2 #SUP:11
579196 -1 579199 -1 -2 #SUP:14
579197 -1 578992 -1 -2 #SUP:11
579197 -1 579116 -1 -2 #SUP:15
579197 -1 579137 -1 -2 #SUP:11
579197 -1 579193 -1 -2 #SUP:18
579197 -1 579194 -1 -2 #SUP:11
579197 -1 579198 -1 -2 #SUP:19
579197 -1 579184 -1 -2 #SUP:14
579197 -1 579201 -1 -2 #SUP:13
579197 -1 579202 -1 -2 #SUP:11
579198 -1 579193 -1 -2 #SUP:11
579198 -1 579197 -1 -2 #SUP:12
579198 -1 579199 -1 -2 #SUP:14
579198 -1 579201 -1 -2 #SUP:16
579198 -1 579202 -1 -2 #SUP:17
579198 -1 579206 -1 -2 #SUP:12
579198 -1 579257 -1 -2 #SUP:11
579198 -1 579254 -1 -2 #SUP:11
579184 -1 579116 -1 -2 #SUP:12
579184 -1 579179 -1 -2 #SUP:11
579184 -1 579180 -1 -2 #SUP:20
579184 -1 579183 -1 -2 #SUP:16
579184 -1 579193 -1 -2 #SUP:11
579184 -1 579197 -1 -2 #SUP:12
579184 -1 579198 -1 -2 #SUP:14
579184 -1 579185 -1 -2 #SUP:11
579184 -1 579187 -1 -2 #SUP:11
579184 -1 579201 -1 -2 #SUP:13
579184 -1 579202 -1 -2 #SUP:13
579187 -1 579184 -1 -2 #SUP:16
579189 -1 579180 -1 -2 #SUP:11
579189 -1 579175 -1 -2 #SUP:19
579189 -1 579193 -1 -2 #SUP:11
579189 -1 579184 -1 -2 #SUP:11
579189 -1 579190 -1 -2 #SUP:13
579190 -1 579189 -1 -2 #SUP:14
579211 -1 579213 -1 -2 #SUP:12
579211 -1 579226 -1 -2 #SUP:11
579212 -1 579211 -1 -2 #SUP:17
579213 -1 579184 -1 -2 #SUP:12
579213 -1 579211 -1 -2 #SUP:11
579213 -1 579212 -1 -2 #SUP:11
579213 -1 579214 -1 -2 #SUP:11
579213 -1 579202 -1 -2 #SUP:14
579215 -1 579184 -1 -2 #SUP:11
579200 -1 579199 -1 -2 #SUP:14
579201 -1 579114 -1 -2 #SUP:13
579201 -1 579193 -1 -2 #SUP:16
579201 -1 579194 -1 -2 #SUP:11
579201 -1 579197 -1 -2 #SUP:20
579201 -1 579184 -1 -2 #SUP:11
579201 -1 579214 -1 -2 #SUP:13
579201 -1 579200 -1 -2 #SUP:12
579201 -1 579202 -1 -2 #SUP:18
579201 -1 579206 -1 -2 #SUP:13
579202 -1 579114 -1 -2 #SUP:11
579202 -1 579193 -1 -2 #SUP:13
579202 -1 579197 -1 -2 #SUP:11
579202 -1 579198 -1 -2 #SUP:15
579202 -1 579213 -1 -2 #SUP:16
579202 -1 579200 -1 -2 #SUP:12
579202 -1 579201 -1 -2 #SUP:20
579202 -1 579202 -1 -2 #SUP:12
579202 -1 579206 -1 -2 #SUP:17
579202 -1 579207 -1 -2 #SUP:21
579202 -1 579257 -1 -2 #SUP:15
579202 -1 579254 -1 -2 #SUP:17
579202 -1 579284 -1 -2 #SUP:17
579202 -1 579285 -1 -2 #SUP:19
579203 -1 579202 -1 -2 #SUP:16
579203 -1 579226 -1 -2 #SUP:14
579203 -1 579285 -1 -2 #SUP:13
579206 -1 579202 -1 -2 #SUP:13
579206 -1 579207 -1 -2 #SUP:16
579206 -1 579257 -1 -2 #SUP:13
579207 -1 579213 -1 -2 #SUP:13
579207 -1 579201 -1 -2 #SUP:12
579207 -1 579202 -1 -2 #SUP:24
579207 -1 579206 -1 -2 #SUP:14
579224 -1 579176 -1 -2 #SUP:15
579224 -1 579179 -1 -2 #SUP:13
579224 -1 579180 -1 -2 #SUP:11
579224 -1 579175 -1 -2 #SUP:13
579224 -1 579226 -1 -2 #SUP:21
579224 -1 579227 -1 -2 #SUP:14
579224 -1 579223 -1 -2 #SUP:15
579225 -1 579226 -1 -2 #SUP:13
579226 -1 534856 -1 -2 #SUP:12
579226 -1 534872 -1 -2 #SUP:17
579226 -1 534874 -1 -2 #SUP:12
579226 -1 534875 -1 -2 #SUP:14
579226 -1 534876 -1 -2 #SUP:15
579226 -1 534879 -1 -2 #SUP:16
579226 -1 534884 -1 -2 #SUP:23
579226 -1 534885 -1 -2 #SUP:16
579226 -1 534887 -1 -2 #SUP:15
579226 -1 579224 -1 -2 #SUP:11
579226 -1 579225 -1 -2 #SUP:12
579226 -1 579227 -1 -2 #SUP:24
579226 -1 579237 -1 -2 #SUP:16
579227 -1 579175 -1 -2 #SUP:11
579227 -1 579226 -1 -2 #SUP:15
579227 -1 579234 -1 -2 #SUP:13
579227 -1 579236 -1 -2 #SUP:14
579229 -1 579224 -1 -2 #SUP:11
579229 -1 579226 -1 -2 #SUP:12
579230 -1 579226 -1 -2 #SUP:12
579220 -1 579179 -1 -2 #SUP:12
579221 -1 534891 -1 -2 #SUP:12
579221 -1 579180 -1 -2 #SUP:11
579222 -1 579226 -1 -2 #SUP:14
579223 -1 579175 -1 -2 #SUP:11
579223 -1 579184 -1 -2 #SUP:11
579223 -1 579224 -1 -2 #SUP:12
579240 -1 534870 -1 -2 #SUP:12
579240 -1 579241 -1 -2 #SUP:12
579241 -1 534870 -1 -2 #SUP:11
579241 -1 534871 -1 -2 #SUP:11
579241 -1 579240 -1 -2 #SUP:11
579241 -1 579238 -1 -2 #SUP:14
579247 -1 579250 -1 -2 #SUP:12
579233 -1 579227 -1 -2 #SUP:13
579233 -1 579254 -1 -2 #SUP:11
579234 -1 579240 -1 -2 #SUP:14
579234 -1 579241 -1 -2 #SUP:15
579234 -1 579238 -1 -2 #SUP:14
579234 -1 579239 -1 -2 #SUP:11
579235 -1 579236 -1 -2 #SUP:11
579237 -1 579226 -1 -2 #SUP:13
579237 -1 579227 -1 -2 #SUP:13
579238 -1 534873 -1 -2 #SUP:11
579256 -1 579257 -1 -2 #SUP:14
579257 -1 579193 -1 -2 #SUP:11
579257 -1 579213 -1 -2 #SUP:11
579257 -1 579202 -1 -2 #SUP:13
579257 -1 579206 -1 -2 #SUP:21
579257 -1 579207 -1 -2 #SUP:16
579257 -1 579257 -1 -2 #SUP:11
579257 -1 579258 -1 -2 #SUP:12
579257 -1 579254 -1 -2 #SUP:19
579257 -1 579285 -1 -2 #SUP:13
579258 -1 579257 -1 -2 #SUP:16
579258 -1 579279 -1 -2 #SUP:12
579261 -1 579206 -1 -2 #SUP:12
579250 -1 579261 -1 -2 #SUP:16
579250 -1 579249 -1 -2 #SUP:11
579254 -1 579257 -1 -2 #SUP:14
579279 -1 579258 -1 -2 #SUP:11
579279 -1 579280 -1 -2 #SUP:12
579291 -1 579288 -1 -2 #SUP:11
579283 -1 579280 -1 -2 #SUP:11
579283 -1 579284 -1 -2 #SUP:18
579283 -1 579285 -1 -2 #SUP:11
579284 -1 579114 -1 -2 #SUP:13
579284 -1 579283 -1 -2 #SUP:12
579284 -1 579285 -1 -2 #SUP:27
579285 -1 579114 -1 -2 #SUP:23
579285 -1 579116 -1 -2 #SUP:11
579285 -1 579200 -1 -2 #SUP:16
579285 -1 579201 -1 -2 #SUP:12
579285 -1 579202 -1 -2 #SUP:22
579285 -1 579203 -1 -2 #SUP:25
579285 -1 579283 -1 -2 #SUP:13
579285 -1 579284 -1 -2 #SUP:20
579424 -1 579404 -1 -2 #SUP:15
579425 -1 579404 -1 -2 #SUP:11
579932 -1 579931 -1 -2 #SUP:11
579932 -1 579939 -1 -2 #SUP:12
579942 -1 534166 -1 -2 #SUP:11
579943 -1 534166 -1 -2 #SUP:14
556120 -1 556114 -1 -2 #SUP:12
556119 -1 556114 -1 -2 #SUP:12
