534054 -1 534232 -1 -2 #SUP: 12
534061 -1 534060 -1 -2 #SUP: 10
534120 -1 534164 -1 -2 #SUP: 11
534120 -1 534167 -1 -2 #SUP: 10
534123 -1 534120 -1 -2 #SUP: 10
534141 -1 534142 -1 -2 #SUP: 16
534142 -1 534145 -1 -2 #SUP: 11
534142 -1 534146 -1 -2 #SUP: 15
534142 -1 534166 -1 -2 #SUP: 14
534145 -1 534142 -1 -2 #SUP: 11
534159 -1 534162 -1 -2 #SUP: 11
534160 -1 534162 -1 -2 #SUP: 11
534162 -1 534155 -1 -2 #SUP: 10
534164 -1 534120 -1 -2 #SUP: 12
534164 -1 534123 -1 -2 #SUP: 10
534164 -1 534166 -1 -2 #SUP: 10
534164 -1 534167 -1 -2 #SUP: 14
534166 -1 534167 -1 -2 #SUP: 19
534166 -1 579942 -1 -2 #SUP: 15
534166 -1 579943 -1 -2 #SUP: 11
534167 -1 534120 -1 -2 #SUP: 11
534167 -1 534162 -1 -2 #SUP: 11
534167 -1 534164 -1 -2 #SUP: 13
534167 -1 534166 -1 -2 #SUP: 18
534168 -1 534167 -1 -2 #SUP: 10
534170 -1 534166 -1 -2 #SUP: 15
534170 -1 534167 -1 -2 #SUP: 11
534173 -1 534171 -1 -2 #SUP: 11
534174 -1 534173 -1 -2 #SUP: 12
534180 -1 534181 -1 -2 #SUP: 11
534181 -1 534170 -1 -2 #SUP: 11
534182 -1 534186 -1 -2 #SUP: 11
534185 -1 534186 -1 -2 #SUP: 10
534186 -1 534185 -1 -2 #SUP: 14
534186 -1 534872 -1 -2 #SUP: 11
534192 -1 534205 -1 -2 #SUP: 13
534192 -1 534867 -1 -2 #SUP: 15
534193 -1 534192 -1 -2 #SUP: 12
534193 -1 534205 -1 -2 #SUP: 14
534194 -1 534205 -1 -2 #SUP: 17
534200 -1 534205 -1 -2 #SUP: 17
534204 -1 534209 -1 -2 #SUP: 14
534204 -1 534216 -1 -2 #SUP: 11
534204 -1 534217 -1 -2 #SUP: 10
534204 -1 534221 -1 -2 #SUP: 10
534205 -1 534192 -1 -2 #SUP: 12
534205 -1 534200 -1 -2 #SUP: 17
534205 -1 534209 -1 -2 #SUP: 17
534205 -1 534216 -1 -2 #SUP: 13
534205 -1 534222 -1 -2 #SUP: 10
534205 -1 534849 -1 -2 #SUP: 12
534205 -1 534867 -1 -2 #SUP: 10
534208 -1 534209 -1 -2 #SUP: 19
534208 -1 534846 -1 -2 #SUP: 18
534208 -1 534847 -1 -2 #SUP: 11
534209 -1 534205 -1 -2 #SUP: 11
534209 -1 534208 -1 -2 #SUP: 21
534209 -1 534216 -1 -2 #SUP: 15
534209 -1 534217 -1 -2 #SUP: 11
534209 -1 534221 -1 -2 #SUP: 16
534209 -1 534223 -1 -2 #SUP: 10
534211 -1 534847 -1 -2 #SUP: 14
534211 -1 534848 -1 -2 #SUP: 11
534211 -1 534861 -1 -2 #SUP: 10
534212 -1 534208 -1 -2 #SUP: 12
534212 -1 534211 -1 -2 #SUP: 10
534212 -1 534213 -1 -2 #SUP: 10
534212 -1 534216 -1 -2 #SUP: 14
534212 -1 534260 -1 -2 #SUP: 10
534212 -1 534843 -1 -2 #SUP: 11
534213 -1 534212 -1 -2 #SUP: 10
534213 -1 534265 -1 -2 #SUP: 14
534213 -1 534838 -1 -2 #SUP: 13
534213 -1 534841 -1 -2 #SUP: 15
534215 -1 534212 -1 -2 #SUP: 11
534216 -1 534208 -1 -2 #SUP: 10
534216 -1 534212 -1 -2 #SUP: 13
534216 -1 534217 -1 -2 #SUP: 18
534216 -1 534261 -1 -2 #SUP: 11
534217 -1 534261 -1 -2 #SUP: 10
534217 -1 534265 -1 -2 #SUP: 11
534219 -1 534216 -1 -2 #SUP: 12
534221 -1 534216 -1 -2 #SUP: 14
534222 -1 534208 -1 -2 #SUP: 16
534222 -1 534209 -1 -2 #SUP: 10
534223 -1 534208 -1 -2 #SUP: 10
534223 -1 534222 -1 -2 #SUP: 11
534224 -1 534222 -1 -2 #SUP: 16
534224 -1 534223 -1 -2 #SUP: 11
534227 -1 534222 -1 -2 #SUP: 10
534231 -1 534232 -1 -2 #SUP: 11
534232 -1 534231 -1 -2 #SUP: 12
534232 -1 534233 -1 -2 #SUP: 11
534232 -1 534237 -1 -2 #SUP: 10
534232 -1 534261 -1 -2 #SUP: 13
534233 -1 534054 -1 -2 #SUP: 15
534233 -1 534232 -1 -2 #SUP: 16
534234 -1 534231 -1 -2 #SUP: 10
534234 -1 534232 -1 -2 #SUP: 14
534234 -1 534233 -1 -2 #SUP: 11
534240 -1 534261 -1 -2 #SUP: 12
534243 -1 534212 -1 -2 #SUP: 10
534243 -1 534240 -1 -2 #SUP: 10
534243 -1 534261 -1 -2 #SUP: 13
534244 -1 534261 -1 -2 #SUP: 13
534244 -1 534265 -1 -2 #SUP: 11
534245 -1 534261 -1 -2 #SUP: 11
534259 -1 534331 -1 -2 #SUP: 10
534260 -1 534217 -1 -2 #SUP: 10
534260 -1 534265 -1 -2 #SUP: 12
534261 -1 534216 -1 -2 #SUP: 10
534261 -1 534265 -1 -2 #SUP: 17
534262 -1 534265 -1 -2 #SUP: 16
534264 -1 534265 -1 -2 #SUP: 10
534265 -1 534213 -1 -2 #SUP: 12
534265 -1 534214 -1 -2 #SUP: 10
534265 -1 534261 -1 -2 #SUP: 12
534265 -1 534279 -1 -2 #SUP: 12
534265 -1 534838 -1 -2 #SUP: 10
534265 -1 534841 -1 -2 #SUP: 13
534269 -1 534258 -1 -2 #SUP: 10
534271 -1 534786 -1 -2 #SUP: 11
534273 -1 534279 -1 -2 #SUP: 18
534273 -1 534284 -1 -2 #SUP: 11
534274 -1 534273 -1 -2 #SUP: 13
534274 -1 534279 -1 -2 #SUP: 10
534276 -1 534275 -1 -2 #SUP: 14
534276 -1 534278 -1 -2 #SUP: 14
534276 -1 534279 -1 -2 #SUP: 11
534278 -1 534276 -1 -2 #SUP: 12
534278 -1 534278 -1 -2 #SUP: 10
534278 -1 534279 -1 -2 #SUP: 15
534278 -1 534327 -1 -2 #SUP: 11
534278 -1 534329 -1 -2 #SUP: 12
534279 -1 534273 -1 -2 #SUP: 16
534279 -1 534274 -1 -2 #SUP: 20
534279 -1 534276 -1 -2 #SUP: 14
534279 -1 534278 -1 -2 #SUP: 18
534279 -1 534281 -1 -2 #SUP: 17
534279 -1 534284 -1 -2 #SUP: 11
534281 -1 534278 -1 -2 #SUP: 27
534282 -1 534278 -1 -2 #SUP: 29
534282 -1 534281 -1 -2 #SUP: 14
534282 -1 534284 -1 -2 #SUP: 11
534282 -1 534324 -1 -2 #SUP: 10
534283 -1 534282 -1 -2 #SUP: 15
534283 -1 534284 -1 -2 #SUP: 11
534284 -1 534279 -1 -2 #SUP: 13
534284 -1 534282 -1 -2 #SUP: 19
534284 -1 534283 -1 -2 #SUP: 20
534284 -1 534287 -1 -2 #SUP: 15
534284 -1 534289 -1 -2 #SUP: 20
534284 -1 534325 -1 -2 #SUP: 12
534284 -1 534771 -1 -2 #SUP: 16
534287 -1 534284 -1 -2 #SUP: 17
534287 -1 534771 -1 -2 #SUP: 11
534289 -1 534283 -1 -2 #SUP: 10
534289 -1 534284 -1 -2 #SUP: 21
534296 -1 534282 -1 -2 #SUP: 10
534296 -1 534284 -1 -2 #SUP: 13
534296 -1 534289 -1 -2 #SUP: 12
534323 -1 534324 -1 -2 #SUP: 13
534323 -1 534327 -1 -2 #SUP: 21
534323 -1 534329 -1 -2 #SUP: 11
534324 -1 534323 -1 -2 #SUP: 14
534324 -1 534325 -1 -2 #SUP: 10
534324 -1 534327 -1 -2 #SUP: 14
534325 -1 534324 -1 -2 #SUP: 14
534327 -1 534328 -1 -2 #SUP: 11
534327 -1 534329 -1 -2 #SUP: 15
534328 -1 534331 -1 -2 #SUP: 10
534329 -1 534327 -1 -2 #SUP: 15
534329 -1 534330 -1 -2 #SUP: 10
534332 -1 534331 -1 -2 #SUP: 10
534496 -1 534500 -1 -2 #SUP: 10
534500 -1 534502 -1 -2 #SUP: 10
534666 -1 534687 -1 -2 #SUP: 10
534690 -1 534695 -1 -2 #SUP: 13
534694 -1 534695 -1 -2 #SUP: 12
534695 -1 534690 -1 -2 #SUP: 11
534702 -1 534690 -1 -2 #SUP: 10
534703 -1 534704 -1 -2 #SUP: 13
534703 -1 534707 -1 -2 #SUP: 13
534704 -1 534707 -1 -2 #SUP: 17
534707 -1 534690 -1 -2 #SUP: 12
534707 -1 534702 -1 -2 #SUP: 10
534707 -1 534704 -1 -2 #SUP: 17
534707 -1 534717 -1 -2 #SUP: 12
534707 -1 535024 -1 -2 #SUP: 14
534713 -1 534731 -1 -2 #SUP: 10
534714 -1 534731 -1 -2 #SUP: 10
534716 -1 534707 -1 -2 #SUP: 11
534716 -1 534721 -1 -2 #SUP: 11
534717 -1 534707 -1 -2 #SUP: 14
534721 -1 534716 -1 -2 #SUP: 10
534721 -1 534724 -1 -2 #SUP: 10
534724 -1 534716 -1 -2 #SUP: 11
534724 -1 534721 -1 -2 #SUP: 11
534724 -1 534803 -1 -2 #SUP: 10
534724 -1 534810 -1 -2 #SUP: 10
534724 -1 534821 -1 -2 #SUP: 10
534730 -1 534731 -1 -2 #SUP: 13
534731 -1 534287 -1 -2 #SUP: 11
534731 -1 534707 -1 -2 #SUP: 11
534731 -1 534724 -1 -2 #SUP: 10
534731 -1 534730 -1 -2 #SUP: 12
534731 -1 534773 -1 -2 #SUP: 10
534768 -1 534284 -1 -2 #SUP: 11
534768 -1 534287 -1 -2 #SUP: 11
534771 -1 534284 -1 -2 #SUP: 16
534771 -1 534287 -1 -2 #SUP: 12
534771 -1 534766 -1 -2 #SUP: 10
534771 -1 534768 -1 -2 #SUP: 15
534771 -1 534772 -1 -2 #SUP: 16
534771 -1 534773 -1 -2 #SUP: 11
534772 -1 534284 -1 -2 #SUP: 12
534772 -1 534287 -1 -2 #SUP: 14
534772 -1 534771 -1 -2 #SUP: 12
534773 -1 534284 -1 -2 #SUP: 10
534773 -1 534731 -1 -2 #SUP: 11
534773 -1 534771 -1 -2 #SUP: 12
534773 -1 534772 -1 -2 #SUP: 10
534779 -1 534798 -1 -2 #SUP: 10
534786 -1 534838 -1 -2 #SUP: 10
534791 -1 534838 -1 -2 #SUP: 11
534792 -1 534793 -1 -2 #SUP: 10
534792 -1 534795 -1 -2 #SUP: 11
534793 -1 534794 -1 -2 #SUP: 10
534793 -1 534837 -1 -2 #SUP: 10
534793 -1 534838 -1 -2 #SUP: 10
534795 -1 534794 -1 -2 #SUP: 10
534800 -1 534799 -1 -2 #SUP: 11
534804 -1 534724 -1 -2 #SUP: 19
534807 -1 534724 -1 -2 #SUP: 15
534808 -1 534807 -1 -2 #SUP: 11
534808 -1 534810 -1 -2 #SUP: 15
534809 -1 534724 -1 -2 #SUP: 10
534810 -1 534724 -1 -2 #SUP: 14
534810 -1 534804 -1 -2 #SUP: 12
534810 -1 534807 -1 -2 #SUP: 12
534810 -1 534808 -1 -2 #SUP: 16
534810 -1 534809 -1 -2 #SUP: 10
534810 -1 534810 -1 -2 #SUP: 12
534810 -1 534820 -1 -2 #SUP: 10
534810 -1 534821 -1 -2 #SUP: 16
534810 -1 534837 -1 -2 #SUP: 10
534810 -1 535002 -1 -2 #SUP: 10
534810 -1 535013 -1 -2 #SUP: 14
534814 -1 534815 -1 -2 #SUP: 10
534816 -1 534815 -1 -2 #SUP: 16
534816 -1 534819 -1 -2 #SUP: 10
534816 -1 534837 -1 -2 #SUP: 20
534816 -1 534838 -1 -2 #SUP: 14
534816 -1 534841 -1 -2 #SUP: 12
534816 -1 535002 -1 -2 #SUP: 13
534819 -1 534816 -1 -2 #SUP: 15
534819 -1 534820 -1 -2 #SUP: 12
534819 -1 534821 -1 -2 #SUP: 11
534819 -1 534837 -1 -2 #SUP: 16
534819 -1 534838 -1 -2 #SUP: 13
534820 -1 534810 -1 -2 #SUP: 11
534820 -1 534816 -1 -2 #SUP: 15
534820 -1 534819 -1 -2 #SUP: 18
534820 -1 534821 -1 -2 #SUP: 15
534820 -1 534837 -1 -2 #SUP: 25
534820 -1 534838 -1 -2 #SUP: 13
534820 -1 534841 -1 -2 #SUP: 11
534821 -1 534724 -1 -2 #SUP: 11
534821 -1 534810 -1 -2 #SUP: 22
534821 -1 534816 -1 -2 #SUP: 15
534821 -1 534819 -1 -2 #SUP: 15
534821 -1 534820 -1 -2 #SUP: 24
534821 -1 534837 -1 -2 #SUP: 11
534821 -1 534921 -1 -2 #SUP: 11
534821 -1 535002 -1 -2 #SUP: 13
534823 -1 534820 -1 -2 #SUP: 10
534824 -1 534911 -1 -2 #SUP: 13
534828 -1 534827 -1 -2 #SUP: 10
534832 -1 534834 -1 -2 #SUP: 10
534832 -1 534853 -1 -2 #SUP: 10
534833 -1 534832 -1 -2 #SUP: 17
534833 -1 534846 -1 -2 #SUP: 14
534837 -1 534816 -1 -2 #SUP: 10
534837 -1 534819 -1 -2 #SUP: 15
534837 -1 534838 -1 -2 #SUP: 16
534837 -1 534841 -1 -2 #SUP: 19
534837 -1 535002 -1 -2 #SUP: 10
534838 -1 534265 -1 -2 #SUP: 10
534838 -1 534816 -1 -2 #SUP: 10
534838 -1 534819 -1 -2 #SUP: 17
534838 -1 534837 -1 -2 #SUP: 13
534838 -1 534841 -1 -2 #SUP: 20
534839 -1 534834 -1 -2 #SUP: 13
534839 -1 534838 -1 -2 #SUP: 11
534840 -1 534846 -1 -2 #SUP: 13
534841 -1 534837 -1 -2 #SUP: 10
534841 -1 534838 -1 -2 #SUP: 18
534841 -1 534842 -1 -2 #SUP: 10
534842 -1 534213 -1 -2 #SUP: 14
534842 -1 534265 -1 -2 #SUP: 12
534842 -1 534278 -1 -2 #SUP: 10
534842 -1 534841 -1 -2 #SUP: 13
534843 -1 534840 -1 -2 #SUP: 12
534845 -1 534846 -1 -2 #SUP: 10
534846 -1 534208 -1 -2 #SUP: 12
534846 -1 534832 -1 -2 #SUP: 11
534846 -1 534833 -1 -2 #SUP: 18
534846 -1 534840 -1 -2 #SUP: 17
534846 -1 534847 -1 -2 #SUP: 20
534847 -1 534208 -1 -2 #SUP: 15
534847 -1 534209 -1 -2 #SUP: 12
534847 -1 534212 -1 -2 #SUP: 15
534847 -1 534833 -1 -2 #SUP: 11
534847 -1 534846 -1 -2 #SUP: 18
534847 -1 534861 -1 -2 #SUP: 11
534848 -1 534205 -1 -2 #SUP: 11
534848 -1 534212 -1 -2 #SUP: 11
534848 -1 534851 -1 -2 #SUP: 13
534851 -1 534846 -1 -2 #SUP: 11
534852 -1 534846 -1 -2 #SUP: 10
534855 -1 534840 -1 -2 #SUP: 10
534855 -1 534846 -1 -2 #SUP: 11
534856 -1 534840 -1 -2 #SUP: 12
534856 -1 534846 -1 -2 #SUP: 11
534856 -1 534876 -1 -2 #SUP: 12
534856 -1 534879 -1 -2 #SUP: 10
534867 -1 534205 -1 -2 #SUP: 14
534868 -1 534205 -1 -2 #SUP: 11
534868 -1 534871 -1 -2 #SUP: 13
534868 -1 534872 -1 -2 #SUP: 12
534868 -1 579241 -1 -2 #SUP: 10
534870 -1 534205 -1 -2 #SUP: 10
534870 -1 534871 -1 -2 #SUP: 13
534870 -1 579241 -1 -2 #SUP: 12
534871 -1 534170 -1 -2 #SUP: 10
534871 -1 534186 -1 -2 #SUP: 11
534871 -1 534868 -1 -2 #SUP: 13
534871 -1 534872 -1 -2 #SUP: 16
534872 -1 534860 -1 -2 #SUP: 17
534872 -1 534871 -1 -2 #SUP: 28
534872 -1 534872 -1 -2 #SUP: 10
534872 -1 534875 -1 -2 #SUP: 13
534872 -1 534877 -1 -2 #SUP: 14
534872 -1 534884 -1 -2 #SUP: 15
534872 -1 579227 -1 -2 #SUP: 10
534873 -1 534871 -1 -2 #SUP: 13
534873 -1 534872 -1 -2 #SUP: 12
534874 -1 534872 -1 -2 #SUP: 11
534874 -1 579226 -1 -2 #SUP: 11
534874 -1 579237 -1 -2 #SUP: 13
534875 -1 534872 -1 -2 #SUP: 17
534875 -1 534884 -1 -2 #SUP: 25
534875 -1 534887 -1 -2 #SUP: 11
534875 -1 579226 -1 -2 #SUP: 10
534876 -1 534879 -1 -2 #SUP: 11
534876 -1 534883 -1 -2 #SUP: 13
534876 -1 534884 -1 -2 #SUP: 15
534877 -1 534860 -1 -2 #SUP: 11
534877 -1 534876 -1 -2 #SUP: 10
534877 -1 534878 -1 -2 #SUP: 10
534879 -1 534840 -1 -2 #SUP: 10
534879 -1 534846 -1 -2 #SUP: 14
534879 -1 534885 -1 -2 #SUP: 10
534879 -1 579226 -1 -2 #SUP: 12
534883 -1 534884 -1 -2 #SUP: 16
534884 -1 534872 -1 -2 #SUP: 14
534884 -1 534875 -1 -2 #SUP: 12
534884 -1 534876 -1 -2 #SUP: 10
534884 -1 534887 -1 -2 #SUP: 14
534884 -1 579202 -1 -2 #SUP: 10
534884 -1 579226 -1 -2 #SUP: 13
534884 -1 579227 -1 -2 #SUP: 10
534885 -1 534884 -1 -2 #SUP: 10
534885 -1 579211 -1 -2 #SUP: 11
534885 -1 579226 -1 -2 #SUP: 21
534887 -1 534884 -1 -2 #SUP: 19
534888 -1 534891 -1 -2 #SUP: 10
534891 -1 534935 -1 -2 #SUP: 12
534892 -1 534891 -1 -2 #SUP: 12
534911 -1 534928 -1 -2 #SUP: 11
534916 -1 534917 -1 -2 #SUP: 11
534916 -1 534921 -1 -2 #SUP: 10
534916 -1 534994 -1 -2 #SUP: 11
534916 -1 534995 -1 -2 #SUP: 13
534917 -1 534921 -1 -2 #SUP: 10
534917 -1 534970 -1 -2 #SUP: 12
534918 -1 534921 -1 -2 #SUP: 10
534918 -1 534994 -1 -2 #SUP: 10
534918 -1 534995 -1 -2 #SUP: 12
534921 -1 534916 -1 -2 #SUP: 14
534921 -1 534917 -1 -2 #SUP: 11
534921 -1 534918 -1 -2 #SUP: 11
534921 -1 534921 -1 -2 #SUP: 10
534921 -1 534947 -1 -2 #SUP: 11
534921 -1 534949 -1 -2 #SUP: 11
534921 -1 534994 -1 -2 #SUP: 11
534921 -1 534995 -1 -2 #SUP: 17
534922 -1 534921 -1 -2 #SUP: 11
534930 -1 534931 -1 -2 #SUP: 10
534931 -1 534935 -1 -2 #SUP: 10
534935 -1 534934 -1 -2 #SUP: 14
534935 -1 579175 -1 -2 #SUP: 10
534936 -1 534935 -1 -2 #SUP: 12
534936 -1 534938 -1 -2 #SUP: 10
534936 -1 534939 -1 -2 #SUP: 10
534936 -1 534941 -1 -2 #SUP: 10
534938 -1 534936 -1 -2 #SUP: 11
534938 -1 534941 -1 -2 #SUP: 11
534938 -1 579173 -1 -2 #SUP: 11
534941 -1 534930 -1 -2 #SUP: 10
534941 -1 534936 -1 -2 #SUP: 11
534944 -1 534921 -1 -2 #SUP: 16
534947 -1 534918 -1 -2 #SUP: 10
534947 -1 534921 -1 -2 #SUP: 14
534947 -1 534922 -1 -2 #SUP: 10
534947 -1 534944 -1 -2 #SUP: 15
534947 -1 534946 -1 -2 #SUP: 13
534947 -1 534949 -1 -2 #SUP: 12
534947 -1 534957 -1 -2 #SUP: 10
534947 -1 579172 -1 -2 #SUP: 11
534948 -1 534916 -1 -2 #SUP: 10
534948 -1 534936 -1 -2 #SUP: 10
534948 -1 534947 -1 -2 #SUP: 10
534948 -1 534949 -1 -2 #SUP: 17
534948 -1 534950 -1 -2 #SUP: 10
534948 -1 534995 -1 -2 #SUP: 10
534948 -1 579161 -1 -2 #SUP: 10
534948 -1 579172 -1 -2 #SUP: 10
534948 -1 579175 -1 -2 #SUP: 10
534949 -1 534921 -1 -2 #SUP: 13
534949 -1 534950 -1 -2 #SUP: 14
534949 -1 579161 -1 -2 #SUP: 11
534949 -1 579172 -1 -2 #SUP: 17
534949 -1 579177 -1 -2 #SUP: 13
534950 -1 534948 -1 -2 #SUP: 13
534950 -1 534949 -1 -2 #SUP: 13
534950 -1 579160 -1 -2 #SUP: 10
534950 -1 579161 -1 -2 #SUP: 10
534950 -1 579172 -1 -2 #SUP: 11
534951 -1 534948 -1 -2 #SUP: 11
534952 -1 534957 -1 -2 #SUP: 11
534952 -1 535124 -1 -2 #SUP: 11
534953 -1 534950 -1 -2 #SUP: 16
534958 -1 534947 -1 -2 #SUP: 11
534961 -1 534960 -1 -2 #SUP: 11
534962 -1 534966 -1 -2 #SUP: 10
534966 -1 534921 -1 -2 #SUP: 10
534977 -1 534978 -1 -2 #SUP: 13
534978 -1 534984 -1 -2 #SUP: 10
534978 -1 534993 -1 -2 #SUP: 12
534978 -1 534994 -1 -2 #SUP: 12
534985 -1 535030 -1 -2 #SUP: 10
534993 -1 534994 -1 -2 #SUP: 20
534994 -1 534810 -1 -2 #SUP: 14
534994 -1 534821 -1 -2 #SUP: 11
534994 -1 534999 -1 -2 #SUP: 12
534994 -1 535000 -1 -2 #SUP: 13
534994 -1 535002 -1 -2 #SUP: 14
534995 -1 534994 -1 -2 #SUP: 16
534995 -1 534999 -1 -2 #SUP: 10
534995 -1 535000 -1 -2 #SUP: 16
535000 -1 534810 -1 -2 #SUP: 10
535000 -1 534821 -1 -2 #SUP: 12
535000 -1 535002 -1 -2 #SUP: 12
535002 -1 534724 -1 -2 #SUP: 12
535002 -1 534810 -1 -2 #SUP: 14
535002 -1 534816 -1 -2 #SUP: 13
535002 -1 534819 -1 -2 #SUP: 11
535002 -1 534820 -1 -2 #SUP: 15
535002 -1 534821 -1 -2 #SUP: 21
535002 -1 535003 -1 -2 #SUP: 11
535003 -1 534821 -1 -2 #SUP: 10
535003 -1 535002 -1 -2 #SUP: 12
535004 -1 534821 -1 -2 #SUP: 12
535004 -1 535003 -1 -2 #SUP: 11
535004 -1 535007 -1 -2 #SUP: 10
535008 -1 535002 -1 -2 #SUP: 10
535010 -1 535008 -1 -2 #SUP: 11
535013 -1 534810 -1 -2 #SUP: 16
535015 -1 534810 -1 -2 #SUP: 11
535020 -1 535010 -1 -2 #SUP: 10
535023 -1 535024 -1 -2 #SUP: 10
535024 -1 534704 -1 -2 #SUP: 10
535024 -1 534707 -1 -2 #SUP: 10
535038 -1 535024 -1 -2 #SUP: 15
535041 -1 535040 -1 -2 #SUP: 10
535052 -1 535041 -1 -2 #SUP: 11
535085 -1 535268 -1 -2 #SUP: 10
535120 -1 535121 -1 -2 #SUP: 15
535123 -1 535124 -1 -2 #SUP: 12
535124 -1 535123 -1 -2 #SUP: 10
535124 -1 535127 -1 -2 #SUP: 11
535124 -1 535128 -1 -2 #SUP: 13
535126 -1 535123 -1 -2 #SUP: 10
535126 -1 535124 -1 -2 #SUP: 11
535131 -1 535141 -1 -2 #SUP: 10
535137 -1 535138 -1 -2 #SUP: 10
535139 -1 535140 -1 -2 #SUP: 11
535140 -1 535142 -1 -2 #SUP: 11
535141 -1 535142 -1 -2 #SUP: 11
535142 -1 535137 -1 -2 #SUP: 13
557807 -1 557807 -1 -2 #SUP: 10
557807 -1 557808 -1 -2 #SUP: 24
557807 -1 557811 -1 -2 #SUP: 15
557807 -1 557872 -1 -2 #SUP: 16
557807 -1 557873 -1 -2 #SUP: 13
557807 -1 557875 -1 -2 #SUP: 12
557807 -1 557877 -1 -2 #SUP: 14
557807 -1 557878 -1 -2 #SUP: 23
557807 -1 557881 -1 -2 #SUP: 17
557807 -1 557882 -1 -2 #SUP: 24
557807 -1 557886 -1 -2 #SUP: 14
557807 -1 557894 -1 -2 #SUP: 10
557808 -1 557807 -1 -2 #SUP: 21
557808 -1 557811 -1 -2 #SUP: 18
557808 -1 557882 -1 -2 #SUP: 13
557811 -1 557807 -1 -2 #SUP: 18
557811 -1 557881 -1 -2 #SUP: 11
557859 -1 557807 -1 -2 #SUP: 12
557859 -1 557811 -1 -2 #SUP: 11
557859 -1 557877 -1 -2 #SUP: 11
557859 -1 557878 -1 -2 #SUP: 10
557860 -1 557807 -1 -2 #SUP: 17
557860 -1 557808 -1 -2 #SUP: 11
557860 -1 557811 -1 -2 #SUP: 10
557872 -1 557886 -1 -2 #SUP: 11
557873 -1 557878 -1 -2 #SUP: 16
557873 -1 557879 -1 -2 #SUP: 11
557873 -1 557886 -1 -2 #SUP: 13
557875 -1 557886 -1 -2 #SUP: 10
557877 -1 557807 -1 -2 #SUP: 15
557877 -1 557808 -1 -2 #SUP: 12
557877 -1 557878 -1 -2 #SUP: 20
557877 -1 557881 -1 -2 #SUP: 11
557877 -1 557882 -1 -2 #SUP: 13
557878 -1 557872 -1 -2 #SUP: 10
557878 -1 557873 -1 -2 #SUP: 12
557878 -1 557878 -1 -2 #SUP: 11
557878 -1 557881 -1 -2 #SUP: 23
557878 -1 557882 -1 -2 #SUP: 15
557878 -1 557886 -1 -2 #SUP: 15
557881 -1 557807 -1 -2 #SUP: 20
557881 -1 557808 -1 -2 #SUP: 14
557881 -1 557878 -1 -2 #SUP: 10
557881 -1 557882 -1 -2 #SUP: 23
557882 -1 557807 -1 -2 #SUP: 40
557882 -1 557808 -1 -2 #SUP: 16
557882 -1 557872 -1 -2 #SUP: 11
557882 -1 557878 -1 -2 #SUP: 12
557882 -1 557881 -1 -2 #SUP: 10
578854 -1 578818 -1 -2 #SUP: 12
578942 -1 578941 -1 -2 #SUP: 12
578984 -1 578989 -1 -2 #SUP: 10
578984 -1 578993 -1 -2 #SUP: 10
578988 -1 578990 -1 -2 #SUP: 10
578989 -1 535126 -1 -2 #SUP: 11
578989 -1 578984 -1 -2 #SUP: 12
578989 -1 578990 -1 -2 #SUP: 10
578990 -1 578984 -1 -2 #SUP: 11
578990 -1 578989 -1 -2 #SUP: 10
578991 -1 578990 -1 -2 #SUP: 17
578992 -1 578984 -1 -2 #SUP: 11
578992 -1 578989 -1 -2 #SUP: 14
578992 -1 578990 -1 -2 #SUP: 10
578992 -1 578991 -1 -2 #SUP: 15
578992 -1 578993 -1 -2 #SUP: 17
578992 -1 579150 -1 -2 #SUP: 15
578992 -1 579193 -1 -2 #SUP: 10
578993 -1 578992 -1 -2 #SUP: 18
578993 -1 579137 -1 -2 #SUP: 13
578993 -1 579150 -1 -2 #SUP: 17
578993 -1 579151 -1 -2 #SUP: 10
579006 -1 579150 -1 -2 #SUP: 11
579023 -1 578993 -1 -2 #SUP: 10
579026 -1 579032 -1 -2 #SUP: 10
579032 -1 578854 -1 -2 #SUP: 11
579032 -1 579023 -1 -2 #SUP: 10
579037 -1 579032 -1 -2 #SUP: 15
579038 -1 579018 -1 -2 #SUP: 10
579038 -1 579025 -1 -2 #SUP: 10
579099 -1 579101 -1 -2 #SUP: 12
579101 -1 579108 -1 -2 #SUP: 10
579103 -1 579106 -1 -2 #SUP: 11
579103 -1 579117 -1 -2 #SUP: 12
579106 -1 579111 -1 -2 #SUP: 10
579106 -1 579117 -1 -2 #SUP: 13
579108 -1 579101 -1 -2 #SUP: 12
579108 -1 579111 -1 -2 #SUP: 13
579111 -1 579108 -1 -2 #SUP: 12
579111 -1 579114 -1 -2 #SUP: 11
579111 -1 579285 -1 -2 #SUP: 12
579114 -1 579111 -1 -2 #SUP: 16
579114 -1 579115 -1 -2 #SUP: 10
579114 -1 579116 -1 -2 #SUP: 21
579114 -1 579119 -1 -2 #SUP: 10
579114 -1 579196 -1 -2 #SUP: 11
579114 -1 579197 -1 -2 #SUP: 11
579114 -1 579198 -1 -2 #SUP: 13
579114 -1 579199 -1 -2 #SUP: 13
579114 -1 579200 -1 -2 #SUP: 10
579114 -1 579201 -1 -2 #SUP: 11
579114 -1 579202 -1 -2 #SUP: 13
579114 -1 579285 -1 -2 #SUP: 26
579115 -1 579285 -1 -2 #SUP: 11
579116 -1 579114 -1 -2 #SUP: 15
579116 -1 579119 -1 -2 #SUP: 16
579116 -1 579197 -1 -2 #SUP: 12
579116 -1 579285 -1 -2 #SUP: 12
579117 -1 579197 -1 -2 #SUP: 10
579119 -1 579116 -1 -2 #SUP: 16
579119 -1 579194 -1 -2 #SUP: 13
579120 -1 579116 -1 -2 #SUP: 11
579120 -1 579141 -1 -2 #SUP: 14
579120 -1 579194 -1 -2 #SUP: 10
579123 -1 579116 -1 -2 #SUP: 10
579123 -1 579193 -1 -2 #SUP: 13
579136 -1 579007 -1 -2 #SUP: 13
579137 -1 579136 -1 -2 #SUP: 12
579137 -1 579138 -1 -2 #SUP: 10
579137 -1 579143 -1 -2 #SUP: 13
579137 -1 579149 -1 -2 #SUP: 10
579137 -1 579150 -1 -2 #SUP: 19
579137 -1 579172 -1 -2 #SUP: 10
579137 -1 579193 -1 -2 #SUP: 16
579138 -1 579136 -1 -2 #SUP: 12
579138 -1 579137 -1 -2 #SUP: 12
579138 -1 579139 -1 -2 #SUP: 10
579138 -1 579143 -1 -2 #SUP: 12
579139 -1 579143 -1 -2 #SUP: 13
579139 -1 579193 -1 -2 #SUP: 10
579141 -1 579120 -1 -2 #SUP: 15
579141 -1 579193 -1 -2 #SUP: 12
579142 -1 579193 -1 -2 #SUP: 10
579143 -1 579137 -1 -2 #SUP: 13
579143 -1 579138 -1 -2 #SUP: 16
579143 -1 579190 -1 -2 #SUP: 10
579143 -1 579197 -1 -2 #SUP: 10
579146 -1 579172 -1 -2 #SUP: 14
579149 -1 579148 -1 -2 #SUP: 10
579150 -1 578989 -1 -2 #SUP: 10
579150 -1 578990 -1 -2 #SUP: 10
579150 -1 578993 -1 -2 #SUP: 16
579150 -1 579137 -1 -2 #SUP: 16
579150 -1 579149 -1 -2 #SUP: 15
579150 -1 579193 -1 -2 #SUP: 14
579159 -1 579156 -1 -2 #SUP: 10
579160 -1 579161 -1 -2 #SUP: 15
579160 -1 579172 -1 -2 #SUP: 10
579161 -1 534948 -1 -2 #SUP: 10
579161 -1 534950 -1 -2 #SUP: 14
579161 -1 579160 -1 -2 #SUP: 12
579161 -1 579172 -1 -2 #SUP: 12
579163 -1 579161 -1 -2 #SUP: 11
579163 -1 579172 -1 -2 #SUP: 16
579164 -1 579172 -1 -2 #SUP: 14
579166 -1 579172 -1 -2 #SUP: 11
579167 -1 579146 -1 -2 #SUP: 10
579167 -1 579172 -1 -2 #SUP: 15
579169 -1 579172 -1 -2 #SUP: 11
579169 -1 579175 -1 -2 #SUP: 20
579169 -1 579182 -1 -2 #SUP: 15
579169 -1 579189 -1 -2 #SUP: 11
579170 -1 579175 -1 -2 #SUP: 12
579172 -1 534935 -1 -2 #SUP: 10
579172 -1 534936 -1 -2 #SUP: 10
579172 -1 579146 -1 -2 #SUP: 11
579172 -1 579160 -1 -2 #SUP: 13
579172 -1 579161 -1 -2 #SUP: 11
579172 -1 579163 -1 -2 #SUP: 13
579172 -1 579164 -1 -2 #SUP: 10
579172 -1 579168 -1 -2 #SUP: 14
579172 -1 579171 -1 -2 #SUP: 12
579172 -1 579172 -1 -2 #SUP: 15
579172 -1 579173 -1 -2 #SUP: 17
579172 -1 579175 -1 -2 #SUP: 34
579172 -1 579176 -1 -2 #SUP: 10
579172 -1 579179 -1 -2 #SUP: 16
579172 -1 579182 -1 -2 #SUP: 11
579172 -1 579223 -1 -2 #SUP: 15
579173 -1 534936 -1 -2 #SUP: 11
579173 -1 534938 -1 -2 #SUP: 11
579173 -1 579172 -1 -2 #SUP: 21
579173 -1 579175 -1 -2 #SUP: 11
579174 -1 579172 -1 -2 #SUP: 10
579174 -1 579173 -1 -2 #SUP: 12
579174 -1 579175 -1 -2 #SUP: 14
579175 -1 534935 -1 -2 #SUP: 13
579175 -1 534949 -1 -2 #SUP: 10
579175 -1 579163 -1 -2 #SUP: 10
579175 -1 579169 -1 -2 #SUP: 12
579175 -1 579170 -1 -2 #SUP: 11
579175 -1 579172 -1 -2 #SUP: 26
579175 -1 579173 -1 -2 #SUP: 11
579175 -1 579175 -1 -2 #SUP: 13
579175 -1 579176 -1 -2 #SUP: 12
579175 -1 579177 -1 -2 #SUP: 16
579175 -1 579179 -1 -2 #SUP: 13
579175 -1 579181 -1 -2 #SUP: 11
579175 -1 579189 -1 -2 #SUP: 10
579175 -1 579223 -1 -2 #SUP: 11
579176 -1 579175 -1 -2 #SUP: 14
579176 -1 579179 -1 -2 #SUP: 11
579178 -1 579179 -1 -2 #SUP: 10
579179 -1 579163 -1 -2 #SUP: 12
579179 -1 579175 -1 -2 #SUP: 14
579179 -1 579180 -1 -2 #SUP: 20
579179 -1 579183 -1 -2 #SUP: 13
579179 -1 579220 -1 -2 #SUP: 12
579179 -1 579223 -1 -2 #SUP: 22
579179 -1 579224 -1 -2 #SUP: 12
579179 -1 579226 -1 -2 #SUP: 17
579179 -1 579227 -1 -2 #SUP: 15
579180 -1 579176 -1 -2 #SUP: 10
579180 -1 579179 -1 -2 #SUP: 27
579180 -1 579180 -1 -2 #SUP: 10
579180 -1 579182 -1 -2 #SUP: 12
579180 -1 579183 -1 -2 #SUP: 22
579180 -1 579184 -1 -2 #SUP: 14
579181 -1 579180 -1 -2 #SUP: 11
579182 -1 579169 -1 -2 #SUP: 11
579182 -1 579175 -1 -2 #SUP: 11
579182 -1 579184 -1 -2 #SUP: 10
579182 -1 579187 -1 -2 #SUP: 10
579182 -1 579190 -1 -2 #SUP: 10
579183 -1 579179 -1 -2 #SUP: 19
579183 -1 579180 -1 -2 #SUP: 19
579183 -1 579182 -1 -2 #SUP: 13
579183 -1 579184 -1 -2 #SUP: 13
579184 -1 579179 -1 -2 #SUP: 17
579184 -1 579180 -1 -2 #SUP: 18
579184 -1 579182 -1 -2 #SUP: 13
579184 -1 579183 -1 -2 #SUP: 19
579184 -1 579184 -1 -2 #SUP: 10
579184 -1 579185 -1 -2 #SUP: 10
579184 -1 579187 -1 -2 #SUP: 18
579184 -1 579201 -1 -2 #SUP: 11
579184 -1 579202 -1 -2 #SUP: 10
579184 -1 579214 -1 -2 #SUP: 11
579184 -1 579215 -1 -2 #SUP: 10
579185 -1 579184 -1 -2 #SUP: 11
579186 -1 579187 -1 -2 #SUP: 10
579187 -1 579180 -1 -2 #SUP: 14
579187 -1 579182 -1 -2 #SUP: 10
579187 -1 579183 -1 -2 #SUP: 11
579187 -1 579184 -1 -2 #SUP: 18
579187 -1 579189 -1 -2 #SUP: 13
579187 -1 579190 -1 -2 #SUP: 14
579187 -1 579212 -1 -2 #SUP: 10
579189 -1 579169 -1 -2 #SUP: 16
579189 -1 579172 -1 -2 #SUP: 13
579189 -1 579175 -1 -2 #SUP: 16
579189 -1 579182 -1 -2 #SUP: 10
579189 -1 579187 -1 -2 #SUP: 11
579189 -1 579190 -1 -2 #SUP: 23
579189 -1 579193 -1 -2 #SUP: 17
579190 -1 579120 -1 -2 #SUP: 14
579190 -1 579169 -1 -2 #SUP: 16
579190 -1 579175 -1 -2 #SUP: 14
579190 -1 579189 -1 -2 #SUP: 23
579190 -1 579192 -1 -2 #SUP: 12
579190 -1 579193 -1 -2 #SUP: 22
579192 -1 579184 -1 -2 #SUP: 10
579192 -1 579193 -1 -2 #SUP: 12
579192 -1 579197 -1 -2 #SUP: 18
579192 -1 579198 -1 -2 #SUP: 13
579192 -1 579201 -1 -2 #SUP: 10
579192 -1 579202 -1 -2 #SUP: 12
579193 -1 579137 -1 -2 #SUP: 10
579193 -1 579138 -1 -2 #SUP: 12
579193 -1 579142 -1 -2 #SUP: 11
579193 -1 579143 -1 -2 #SUP: 14
579193 -1 579150 -1 -2 #SUP: 12
579193 -1 579169 -1 -2 #SUP: 17
579193 -1 579175 -1 -2 #SUP: 15
579193 -1 579184 -1 -2 #SUP: 10
579193 -1 579187 -1 -2 #SUP: 12
579193 -1 579189 -1 -2 #SUP: 16
579193 -1 579190 -1 -2 #SUP: 27
579193 -1 579191 -1 -2 #SUP: 10
579193 -1 579192 -1 -2 #SUP: 15
579193 -1 579193 -1 -2 #SUP: 14
579193 -1 579194 -1 -2 #SUP: 12
579193 -1 579197 -1 -2 #SUP: 14
579193 -1 579198 -1 -2 #SUP: 12
579194 -1 579116 -1 -2 #SUP: 10
579194 -1 579119 -1 -2 #SUP: 15
579194 -1 579189 -1 -2 #SUP: 11
579194 -1 579192 -1 -2 #SUP: 14
579194 -1 579193 -1 -2 #SUP: 22
579194 -1 579197 -1 -2 #SUP: 11
579196 -1 579197 -1 -2 #SUP: 16
579196 -1 579198 -1 -2 #SUP: 15
579197 -1 579114 -1 -2 #SUP: 11
579197 -1 579143 -1 -2 #SUP: 13
579197 -1 579180 -1 -2 #SUP: 12
579197 -1 579183 -1 -2 #SUP: 11
579197 -1 579184 -1 -2 #SUP: 17
579197 -1 579185 -1 -2 #SUP: 10
579197 -1 579186 -1 -2 #SUP: 11
579197 -1 579187 -1 -2 #SUP: 12
579197 -1 579193 -1 -2 #SUP: 19
579197 -1 579196 -1 -2 #SUP: 15
579197 -1 579198 -1 -2 #SUP: 24
579197 -1 579201 -1 -2 #SUP: 14
579197 -1 579202 -1 -2 #SUP: 19
579197 -1 579207 -1 -2 #SUP: 13
579197 -1 579213 -1 -2 #SUP: 10
579198 -1 579114 -1 -2 #SUP: 13
579198 -1 579143 -1 -2 #SUP: 10
579198 -1 579184 -1 -2 #SUP: 18
579198 -1 579185 -1 -2 #SUP: 15
579198 -1 579193 -1 -2 #SUP: 10
579198 -1 579197 -1 -2 #SUP: 18
579198 -1 579199 -1 -2 #SUP: 10
579198 -1 579201 -1 -2 #SUP: 19
579198 -1 579202 -1 -2 #SUP: 22
579198 -1 579206 -1 -2 #SUP: 10
579198 -1 579207 -1 -2 #SUP: 12
579198 -1 579257 -1 -2 #SUP: 11
579198 -1 579285 -1 -2 #SUP: 14
579199 -1 579114 -1 -2 #SUP: 10
579199 -1 579196 -1 -2 #SUP: 10
579199 -1 579198 -1 -2 #SUP: 13
579200 -1 579114 -1 -2 #SUP: 12
579200 -1 579201 -1 -2 #SUP: 10
579200 -1 579202 -1 -2 #SUP: 10
579200 -1 579285 -1 -2 #SUP: 13
579201 -1 579114 -1 -2 #SUP: 15
579201 -1 579185 -1 -2 #SUP: 13
579201 -1 579193 -1 -2 #SUP: 13
579201 -1 579197 -1 -2 #SUP: 14
579201 -1 579198 -1 -2 #SUP: 22
579201 -1 579200 -1 -2 #SUP: 10
579201 -1 579201 -1 -2 #SUP: 12
579201 -1 579202 -1 -2 #SUP: 23
579201 -1 579207 -1 -2 #SUP: 11
579201 -1 579214 -1 -2 #SUP: 11
579201 -1 579285 -1 -2 #SUP: 13
579202 -1 579114 -1 -2 #SUP: 14
579202 -1 579184 -1 -2 #SUP: 10
579202 -1 579193 -1 -2 #SUP: 13
579202 -1 579197 -1 -2 #SUP: 13
579202 -1 579198 -1 -2 #SUP: 17
579202 -1 579201 -1 -2 #SUP: 20
579202 -1 579202 -1 -2 #SUP: 13
579202 -1 579203 -1 -2 #SUP: 13
579202 -1 579206 -1 -2 #SUP: 14
579202 -1 579207 -1 -2 #SUP: 24
579202 -1 579211 -1 -2 #SUP: 11
579202 -1 579212 -1 -2 #SUP: 11
579202 -1 579213 -1 -2 #SUP: 15
579202 -1 579257 -1 -2 #SUP: 16
579202 -1 579261 -1 -2 #SUP: 11
579202 -1 579285 -1 -2 #SUP: 24
579203 -1 579202 -1 -2 #SUP: 22
579203 -1 579285 -1 -2 #SUP: 12
579206 -1 579202 -1 -2 #SUP: 15
579206 -1 579207 -1 -2 #SUP: 13
579206 -1 579257 -1 -2 #SUP: 12
579207 -1 579202 -1 -2 #SUP: 28
579207 -1 579206 -1 -2 #SUP: 20
579207 -1 579213 -1 -2 #SUP: 10
579207 -1 579254 -1 -2 #SUP: 14
579207 -1 579256 -1 -2 #SUP: 10
579207 -1 579257 -1 -2 #SUP: 16
579207 -1 579261 -1 -2 #SUP: 14
579211 -1 579202 -1 -2 #SUP: 16
579211 -1 579213 -1 -2 #SUP: 14
579211 -1 579224 -1 -2 #SUP: 10
579211 -1 579227 -1 -2 #SUP: 10
579211 -1 579230 -1 -2 #SUP: 13
579211 -1 579285 -1 -2 #SUP: 10
579212 -1 579184 -1 -2 #SUP: 15
579212 -1 579211 -1 -2 #SUP: 13
579212 -1 579215 -1 -2 #SUP: 11
579213 -1 579201 -1 -2 #SUP: 12
579213 -1 579202 -1 -2 #SUP: 17
579213 -1 579211 -1 -2 #SUP: 14
579213 -1 579212 -1 -2 #SUP: 13
579213 -1 579226 -1 -2 #SUP: 11
579214 -1 579184 -1 -2 #SUP: 13
579214 -1 579185 -1 -2 #SUP: 10
579214 -1 579201 -1 -2 #SUP: 16
579214 -1 579202 -1 -2 #SUP: 14
579214 -1 579212 -1 -2 #SUP: 10
579214 -1 579215 -1 -2 #SUP: 11
579215 -1 579184 -1 -2 #SUP: 17
579220 -1 579179 -1 -2 #SUP: 12
579220 -1 579223 -1 -2 #SUP: 12
579220 -1 579224 -1 -2 #SUP: 13
579220 -1 579226 -1 -2 #SUP: 13
579221 -1 579178 -1 -2 #SUP: 10
579221 -1 579179 -1 -2 #SUP: 10
579221 -1 579222 -1 -2 #SUP: 11
579222 -1 579226 -1 -2 #SUP: 14
579223 -1 579224 -1 -2 #SUP: 15
579223 -1 579226 -1 -2 #SUP: 17
579223 -1 579227 -1 -2 #SUP: 14
579224 -1 579213 -1 -2 #SUP: 10
579224 -1 579225 -1 -2 #SUP: 12
579224 -1 579226 -1 -2 #SUP: 19
579224 -1 579227 -1 -2 #SUP: 24
579224 -1 579229 -1 -2 #SUP: 15
579224 -1 579230 -1 -2 #SUP: 14
579224 -1 579236 -1 -2 #SUP: 11
579225 -1 579226 -1 -2 #SUP: 10
579226 -1 534872 -1 -2 #SUP: 13
579226 -1 534875 -1 -2 #SUP: 12
579226 -1 534884 -1 -2 #SUP: 15
579226 -1 534885 -1 -2 #SUP: 13
579226 -1 534887 -1 -2 #SUP: 14
579226 -1 579211 -1 -2 #SUP: 10
579226 -1 579224 -1 -2 #SUP: 11
579226 -1 579225 -1 -2 #SUP: 11
579226 -1 579226 -1 -2 #SUP: 12
579226 -1 579227 -1 -2 #SUP: 27
579226 -1 579237 -1 -2 #SUP: 18
579227 -1 534872 -1 -2 #SUP: 12
579227 -1 534884 -1 -2 #SUP: 10
579227 -1 579179 -1 -2 #SUP: 15
579227 -1 579224 -1 -2 #SUP: 16
579227 -1 579225 -1 -2 #SUP: 10
579227 -1 579226 -1 -2 #SUP: 21
579227 -1 579227 -1 -2 #SUP: 13
579227 -1 579228 -1 -2 #SUP: 12
579227 -1 579229 -1 -2 #SUP: 15
579227 -1 579230 -1 -2 #SUP: 15
579227 -1 579237 -1 -2 #SUP: 10
579229 -1 579202 -1 -2 #SUP: 15
579229 -1 579213 -1 -2 #SUP: 12
579229 -1 579230 -1 -2 #SUP: 13
579230 -1 579202 -1 -2 #SUP: 12
579230 -1 579211 -1 -2 #SUP: 20
579230 -1 579213 -1 -2 #SUP: 10
579230 -1 579229 -1 -2 #SUP: 10
579230 -1 579285 -1 -2 #SUP: 10
579234 -1 534870 -1 -2 #SUP: 11
579234 -1 534871 -1 -2 #SUP: 14
579234 -1 579233 -1 -2 #SUP: 15
579234 -1 579239 -1 -2 #SUP: 10
579234 -1 579241 -1 -2 #SUP: 13
579234 -1 579254 -1 -2 #SUP: 10
579235 -1 579227 -1 -2 #SUP: 11
579235 -1 579233 -1 -2 #SUP: 11
579235 -1 579234 -1 -2 #SUP: 10
579237 -1 579226 -1 -2 #SUP: 22
579237 -1 579227 -1 -2 #SUP: 14
579238 -1 534871 -1 -2 #SUP: 10
579238 -1 534873 -1 -2 #SUP: 12
579238 -1 579237 -1 -2 #SUP: 10
579241 -1 534205 -1 -2 #SUP: 10
579241 -1 534870 -1 -2 #SUP: 12
579241 -1 534871 -1 -2 #SUP: 10
579241 -1 579238 -1 -2 #SUP: 15
579244 -1 579924 -1 -2 #SUP: 10
579247 -1 579248 -1 -2 #SUP: 10
579248 -1 579250 -1 -2 #SUP: 13
579249 -1 579250 -1 -2 #SUP: 10
579249 -1 579261 -1 -2 #SUP: 10
579249 -1 579917 -1 -2 #SUP: 13
579249 -1 579918 -1 -2 #SUP: 13
579250 -1 579244 -1 -2 #SUP: 11
579250 -1 579249 -1 -2 #SUP: 12
579250 -1 579257 -1 -2 #SUP: 11
579250 -1 579260 -1 -2 #SUP: 13
579250 -1 579261 -1 -2 #SUP: 14
579250 -1 579918 -1 -2 #SUP: 11
579254 -1 579241 -1 -2 #SUP: 11
579256 -1 579257 -1 -2 #SUP: 13
579257 -1 579198 -1 -2 #SUP: 12
579257 -1 579201 -1 -2 #SUP: 11
579257 -1 579202 -1 -2 #SUP: 20
579257 -1 579206 -1 -2 #SUP: 16
579257 -1 579207 -1 -2 #SUP: 17
579257 -1 579250 -1 -2 #SUP: 11
579257 -1 579254 -1 -2 #SUP: 15
579257 -1 579256 -1 -2 #SUP: 11
579257 -1 579257 -1 -2 #SUP: 11
579257 -1 579258 -1 -2 #SUP: 15
579257 -1 579261 -1 -2 #SUP: 11
579257 -1 579279 -1 -2 #SUP: 12
579258 -1 579257 -1 -2 #SUP: 15
579260 -1 579257 -1 -2 #SUP: 15
579260 -1 579261 -1 -2 #SUP: 15
579260 -1 579263 -1 -2 #SUP: 12
579260 -1 579279 -1 -2 #SUP: 10
579261 -1 534167 -1 -2 #SUP: 12
579261 -1 579207 -1 -2 #SUP: 14
579261 -1 579249 -1 -2 #SUP: 12
579261 -1 579256 -1 -2 #SUP: 11
579261 -1 579257 -1 -2 #SUP: 20
579261 -1 579260 -1 -2 #SUP: 20
579261 -1 579263 -1 -2 #SUP: 11
579262 -1 579261 -1 -2 #SUP: 10
579263 -1 579260 -1 -2 #SUP: 10
579279 -1 579257 -1 -2 #SUP: 21
579280 -1 579257 -1 -2 #SUP: 12
579280 -1 579279 -1 -2 #SUP: 13
579283 -1 579202 -1 -2 #SUP: 10
579283 -1 579284 -1 -2 #SUP: 11
579283 -1 579285 -1 -2 #SUP: 12
579284 -1 579202 -1 -2 #SUP: 15
579284 -1 579207 -1 -2 #SUP: 12
579284 -1 579257 -1 -2 #SUP: 14
579284 -1 579279 -1 -2 #SUP: 10
579284 -1 579280 -1 -2 #SUP: 13
579284 -1 579283 -1 -2 #SUP: 12
579284 -1 579285 -1 -2 #SUP: 18
579285 -1 579114 -1 -2 #SUP: 27
579285 -1 579116 -1 -2 #SUP: 13
579285 -1 579197 -1 -2 #SUP: 10
579285 -1 579200 -1 -2 #SUP: 20
579285 -1 579201 -1 -2 #SUP: 10
579285 -1 579202 -1 -2 #SUP: 31
579285 -1 579203 -1 -2 #SUP: 21
579285 -1 579207 -1 -2 #SUP: 11
579285 -1 579211 -1 -2 #SUP: 11
579285 -1 579213 -1 -2 #SUP: 12
579285 -1 579280 -1 -2 #SUP: 10
579285 -1 579284 -1 -2 #SUP: 16
579285 -1 579285 -1 -2 #SUP: 17
579286 -1 579285 -1 -2 #SUP: 16
579289 -1 579285 -1 -2 #SUP: 10
579290 -1 579109 -1 -2 #SUP: 10
579424 -1 579404 -1 -2 #SUP: 12
579425 -1 579404 -1 -2 #SUP: 11
579425 -1 579424 -1 -2 #SUP: 10
579474 -1 579425 -1 -2 #SUP: 10
579912 -1 579906 -1 -2 #SUP: 11
579912 -1 579907 -1 -2 #SUP: 10
579917 -1 579912 -1 -2 #SUP: 11
579918 -1 579263 -1 -2 #SUP: 10
579918 -1 579917 -1 -2 #SUP: 10
579931 -1 579932 -1 -2 #SUP: 14
579931 -1 579941 -1 -2 #SUP: 11
579932 -1 579931 -1 -2 #SUP: 18
579932 -1 579933 -1 -2 #SUP: 10
579932 -1 579939 -1 -2 #SUP: 13
579933 -1 579931 -1 -2 #SUP: 10
579933 -1 579932 -1 -2 #SUP: 10
579936 -1 579932 -1 -2 #SUP: 11
579936 -1 579957 -1 -2 #SUP: 11
579939 -1 579932 -1 -2 #SUP: 11
579941 -1 534170 -1 -2 #SUP: 14
579942 -1 534166 -1 -2 #SUP: 11
579942 -1 534167 -1 -2 #SUP: 12
579998 -1 579978 -1 -2 #SUP: 12
557807 -1 557808 -1 557811 -1 -2 #SUP: 11
579193 -1 579190 -1 579169 -1 -2 #SUP: 10
579285 -1 579203 -1 579202 -1 -2 #SUP: 11
