531169 -1 #SUP: 60
531175 -1 #SUP: 68
531188 -1 #SUP: 66
533103 -1 #SUP: 59
533107 -1 #SUP: 50
533123 -1 #SUP: 56
533125 -1 #SUP: 56
533126 -1 #SUP: 84
533127 -1 #SUP: 56
533133 -1 #SUP: 56
533137 -1 #SUP: 91
533138 -1 #SUP: 59
533169 -1 #SUP: 81
533170 -1 #SUP: 63
533176 -1 #SUP: 111
533177 -1 #SUP: 93
533178 -1 #SUP: 68
533180 -1 #SUP: 94
533181 -1 #SUP: 77
533182 -1 #SUP: 92
533183 -1 #SUP: 52
533185 -1 #SUP: 51
533249 -1 #SUP: 104
533256 -1 #SUP: 64
533258 -1 #SUP: 76
533280 -1 #SUP: 100
533589 -1 #SUP: 62
533650 -1 #SUP: 82
533652 -1 #SUP: 128
533653 -1 #SUP: 188
533655 -1 #SUP: 97
533668 -1 #SUP: 79
533777 -1 #SUP: 80
533784 -1 #SUP: 52
533785 -1 #SUP: 63
533921 -1 #SUP: 86
533927 -1 #SUP: 90
533928 -1 #SUP: 143
533929 -1 #SUP: 54
533933 -1 #SUP: 64
533934 -1 #SUP: 102
533935 -1 #SUP: 133
533985 -1 #SUP: 72
533986 -1 #SUP: 55
533990 -1 #SUP: 61
533991 -1 #SUP: 71
534004 -1 #SUP: 64
534008 -1 #SUP: 120
534011 -1 #SUP: 75
534013 -1 #SUP: 51
534020 -1 #SUP: 161
534021 -1 #SUP: 57
534023 -1 #SUP: 86
534024 -1 #SUP: 84
534026 -1 #SUP: 86
534027 -1 #SUP: 222
534028 -1 #SUP: 144
534031 -1 #SUP: 178
534037 -1 #SUP: 226
534038 -1 #SUP: 106
534040 -1 #SUP: 171
534041 -1 #SUP: 153
534042 -1 #SUP: 83
534043 -1 #SUP: 51
534045 -1 #SUP: 107
534046 -1 #SUP: 237
534047 -1 #SUP: 85
534048 -1 #SUP: 123
534049 -1 #SUP: 181
534050 -1 #SUP: 182
534051 -1 #SUP: 162
534054 -1 #SUP: 174
534055 -1 #SUP: 170
534056 -1 #SUP: 203
534057 -1 #SUP: 119
534058 -1 #SUP: 150
534059 -1 #SUP: 87
534060 -1 #SUP: 149
534061 -1 #SUP: 255
534062 -1 #SUP: 149
534069 -1 #SUP: 57
534072 -1 #SUP: 50
534077 -1 #SUP: 72
534084 -1 #SUP: 172
534085 -1 #SUP: 129
534086 -1 #SUP: 63
534087 -1 #SUP: 148
534090 -1 #SUP: 139
534091 -1 #SUP: 141
534092 -1 #SUP: 127
534095 -1 #SUP: 87
534096 -1 #SUP: 77
534097 -1 #SUP: 56
534111 -1 #SUP: 73
534113 -1 #SUP: 56
534114 -1 #SUP: 55
534119 -1 #SUP: 63
534120 -1 #SUP: 196
534121 -1 #SUP: 55
534122 -1 #SUP: 66
534123 -1 #SUP: 157
534125 -1 #SUP: 57
534127 -1 #SUP: 111
534128 -1 #SUP: 178
534129 -1 #SUP: 53
534131 -1 #SUP: 152
534132 -1 #SUP: 161
534133 -1 #SUP: 196
534136 -1 #SUP: 155
534137 -1 #SUP: 98
534138 -1 #SUP: 121
534139 -1 #SUP: 123
534140 -1 #SUP: 208
534141 -1 #SUP: 274
534142 -1 #SUP: 496
534143 -1 #SUP: 225
534144 -1 #SUP: 97
534145 -1 #SUP: 302
534146 -1 #SUP: 282
534148 -1 #SUP: 216
534150 -1 #SUP: 138
534151 -1 #SUP: 304
534153 -1 #SUP: 189
534154 -1 #SUP: 333
534155 -1 #SUP: 323
534156 -1 #SUP: 195
534157 -1 #SUP: 91
534158 -1 #SUP: 307
534159 -1 #SUP: 453
534160 -1 #SUP: 281
534161 -1 #SUP: 86
534162 -1 #SUP: 334
534163 -1 #SUP: 208
534164 -1 #SUP: 203
534165 -1 #SUP: 90
534166 -1 #SUP: 558
534167 -1 #SUP: 570
534168 -1 #SUP: 251
534169 -1 #SUP: 187
534170 -1 #SUP: 443
534171 -1 #SUP: 162
534172 -1 #SUP: 163
534173 -1 #SUP: 235
534174 -1 #SUP: 143
534175 -1 #SUP: 176
534176 -1 #SUP: 70
534179 -1 #SUP: 303
534180 -1 #SUP: 283
534181 -1 #SUP: 387
534182 -1 #SUP: 196
534185 -1 #SUP: 333
534186 -1 #SUP: 500
534187 -1 #SUP: 221
534188 -1 #SUP: 213
534191 -1 #SUP: 150
534192 -1 #SUP: 254
534193 -1 #SUP: 272
534194 -1 #SUP: 303
534195 -1 #SUP: 251
534196 -1 #SUP: 237
534197 -1 #SUP: 152
534199 -1 #SUP: 286
534200 -1 #SUP: 342
534201 -1 #SUP: 192
534202 -1 #SUP: 204
534203 -1 #SUP: 107
534204 -1 #SUP: 306
534205 -1 #SUP: 653
534206 -1 #SUP: 149
534207 -1 #SUP: 53
534208 -1 #SUP: 522
534209 -1 #SUP: 507
534211 -1 #SUP: 242
534212 -1 #SUP: 623
534213 -1 #SUP: 554
534214 -1 #SUP: 196
534215 -1 #SUP: 249
534216 -1 #SUP: 581
534217 -1 #SUP: 427
534218 -1 #SUP: 174
534219 -1 #SUP: 287
534220 -1 #SUP: 230
534221 -1 #SUP: 397
534222 -1 #SUP: 496
534223 -1 #SUP: 380
534224 -1 #SUP: 439
534225 -1 #SUP: 139
534226 -1 #SUP: 53
534227 -1 #SUP: 349
534228 -1 #SUP: 301
534229 -1 #SUP: 121
534230 -1 #SUP: 125
534231 -1 #SUP: 258
534232 -1 #SUP: 483
534233 -1 #SUP: 347
534234 -1 #SUP: 247
534236 -1 #SUP: 110
534237 -1 #SUP: 209
534238 -1 #SUP: 257
534239 -1 #SUP: 148
534240 -1 #SUP: 254
534241 -1 #SUP: 167
534242 -1 #SUP: 82
534243 -1 #SUP: 452
534244 -1 #SUP: 269
534245 -1 #SUP: 354
534246 -1 #SUP: 208
534247 -1 #SUP: 96
534248 -1 #SUP: 89
534250 -1 #SUP: 63
534251 -1 #SUP: 89
534252 -1 #SUP: 150
534253 -1 #SUP: 82
534254 -1 #SUP: 175
534255 -1 #SUP: 215
534256 -1 #SUP: 153
534257 -1 #SUP: 271
534258 -1 #SUP: 351
534259 -1 #SUP: 386
534260 -1 #SUP: 485
534261 -1 #SUP: 589
534262 -1 #SUP: 282
534263 -1 #SUP: 246
534264 -1 #SUP: 393
534265 -1 #SUP: 644
534266 -1 #SUP: 245
534267 -1 #SUP: 167
534268 -1 #SUP: 277
534269 -1 #SUP: 272
534270 -1 #SUP: 79
534271 -1 #SUP: 364
534272 -1 #SUP: 206
534273 -1 #SUP: 467
534274 -1 #SUP: 246
534275 -1 #SUP: 198
534276 -1 #SUP: 554
534277 -1 #SUP: 140
534278 -1 #SUP: 803
534279 -1 #SUP: 554
534280 -1 #SUP: 62
534281 -1 #SUP: 468
534282 -1 #SUP: 682
534283 -1 #SUP: 327
534284 -1 #SUP: 801
534285 -1 #SUP: 288
534286 -1 #SUP: 136
534287 -1 #SUP: 420
534288 -1 #SUP: 202
534289 -1 #SUP: 378
534290 -1 #SUP: 69
534291 -1 #SUP: 104
534292 -1 #SUP: 113
534293 -1 #SUP: 53
534294 -1 #SUP: 58
534295 -1 #SUP: 175
534296 -1 #SUP: 264
534297 -1 #SUP: 169
534299 -1 #SUP: 109
534301 -1 #SUP: 139
534302 -1 #SUP: 57
534303 -1 #SUP: 133
534304 -1 #SUP: 97
534305 -1 #SUP: 106
534306 -1 #SUP: 90
534307 -1 #SUP: 116
534308 -1 #SUP: 207
534309 -1 #SUP: 113
534311 -1 #SUP: 88
534312 -1 #SUP: 89
534316 -1 #SUP: 97
534317 -1 #SUP: 85
534318 -1 #SUP: 184
534319 -1 #SUP: 206
534320 -1 #SUP: 283
534321 -1 #SUP: 77
534322 -1 #SUP: 120
534323 -1 #SUP: 570
534324 -1 #SUP: 446
534325 -1 #SUP: 309
534327 -1 #SUP: 497
534328 -1 #SUP: 204
534329 -1 #SUP: 407
534330 -1 #SUP: 434
534331 -1 #SUP: 252
534332 -1 #SUP: 118
534335 -1 #SUP: 67
534336 -1 #SUP: 134
534338 -1 #SUP: 106
534341 -1 #SUP: 233
534342 -1 #SUP: 262
534343 -1 #SUP: 252
534344 -1 #SUP: 61
534345 -1 #SUP: 159
534346 -1 #SUP: 78
534347 -1 #SUP: 222
534352 -1 #SUP: 149
534353 -1 #SUP: 144
534354 -1 #SUP: 101
534364 -1 #SUP: 62
534368 -1 #SUP: 63
534374 -1 #SUP: 51
534378 -1 #SUP: 102
534379 -1 #SUP: 61
534381 -1 #SUP: 51
534382 -1 #SUP: 125
534383 -1 #SUP: 69
534384 -1 #SUP: 92
534386 -1 #SUP: 172
534387 -1 #SUP: 175
534390 -1 #SUP: 81
534391 -1 #SUP: 133
534396 -1 #SUP: 142
534398 -1 #SUP: 58
534401 -1 #SUP: 106
534402 -1 #SUP: 93
534403 -1 #SUP: 172
534410 -1 #SUP: 55
534413 -1 #SUP: 65
534414 -1 #SUP: 177
534415 -1 #SUP: 142
534416 -1 #SUP: 132
534419 -1 #SUP: 133
534420 -1 #SUP: 87
534421 -1 #SUP: 114
534428 -1 #SUP: 67
534430 -1 #SUP: 85
534431 -1 #SUP: 89
534440 -1 #SUP: 52
534442 -1 #SUP: 92
534459 -1 #SUP: 57
534468 -1 #SUP: 88
534470 -1 #SUP: 55
534472 -1 #SUP: 92
534473 -1 #SUP: 159
534474 -1 #SUP: 102
534476 -1 #SUP: 52
534477 -1 #SUP: 68
534480 -1 #SUP: 84
534481 -1 #SUP: 114
534484 -1 #SUP: 130
534487 -1 #SUP: 120
534488 -1 #SUP: 207
534489 -1 #SUP: 104
534490 -1 #SUP: 169
534491 -1 #SUP: 229
534493 -1 #SUP: 95
534494 -1 #SUP: 104
534495 -1 #SUP: 141
534496 -1 #SUP: 228
534497 -1 #SUP: 79
534499 -1 #SUP: 108
534500 -1 #SUP: 380
534501 -1 #SUP: 110
534502 -1 #SUP: 200
534503 -1 #SUP: 109
534504 -1 #SUP: 172
534505 -1 #SUP: 63
534506 -1 #SUP: 81
534507 -1 #SUP: 126
534508 -1 #SUP: 80
534510 -1 #SUP: 137
534511 -1 #SUP: 167
534512 -1 #SUP: 64
534513 -1 #SUP: 89
534518 -1 #SUP: 51
534519 -1 #SUP: 61
534526 -1 #SUP: 53
534542 -1 #SUP: 59
534544 -1 #SUP: 102
534547 -1 #SUP: 54
534548 -1 #SUP: 145
534549 -1 #SUP: 100
534550 -1 #SUP: 61
534551 -1 #SUP: 178
534552 -1 #SUP: 116
534555 -1 #SUP: 145
534563 -1 #SUP: 74
534564 -1 #SUP: 253
534566 -1 #SUP: 83
534567 -1 #SUP: 112
534568 -1 #SUP: 127
534569 -1 #SUP: 83
534570 -1 #SUP: 59
534571 -1 #SUP: 101
534649 -1 #SUP: 63
534652 -1 #SUP: 85
534653 -1 #SUP: 104
534655 -1 #SUP: 69
534656 -1 #SUP: 142
534659 -1 #SUP: 120
534660 -1 #SUP: 163
534661 -1 #SUP: 115
534662 -1 #SUP: 230
534663 -1 #SUP: 98
534664 -1 #SUP: 65
534665 -1 #SUP: 156
534666 -1 #SUP: 242
534667 -1 #SUP: 51
534671 -1 #SUP: 55
534674 -1 #SUP: 59
534680 -1 #SUP: 137
534681 -1 #SUP: 127
534682 -1 #SUP: 51
534683 -1 #SUP: 246
534684 -1 #SUP: 146
534685 -1 #SUP: 106
534686 -1 #SUP: 78
534687 -1 #SUP: 196
534688 -1 #SUP: 138
534689 -1 #SUP: 160
534690 -1 #SUP: 358
534691 -1 #SUP: 98
534692 -1 #SUP: 229
534694 -1 #SUP: 270
534695 -1 #SUP: 377
534696 -1 #SUP: 134
534697 -1 #SUP: 160
534698 -1 #SUP: 177
534699 -1 #SUP: 72
534700 -1 #SUP: 165
534701 -1 #SUP: 136
534702 -1 #SUP: 165
534703 -1 #SUP: 170
534704 -1 #SUP: 410
534706 -1 #SUP: 159
534707 -1 #SUP: 685
534708 -1 #SUP: 87
534710 -1 #SUP: 353
534711 -1 #SUP: 197
534712 -1 #SUP: 73
534713 -1 #SUP: 372
534714 -1 #SUP: 349
534715 -1 #SUP: 100
534716 -1 #SUP: 278
534717 -1 #SUP: 260
534718 -1 #SUP: 74
534719 -1 #SUP: 76
534721 -1 #SUP: 267
534723 -1 #SUP: 182
534724 -1 #SUP: 563
534725 -1 #SUP: 274
534726 -1 #SUP: 198
534727 -1 #SUP: 187
534728 -1 #SUP: 174
534729 -1 #SUP: 52
534730 -1 #SUP: 283
534731 -1 #SUP: 469
534732 -1 #SUP: 266
534734 -1 #SUP: 97
534735 -1 #SUP: 261
534736 -1 #SUP: 56
534738 -1 #SUP: 136
534741 -1 #SUP: 241
534742 -1 #SUP: 110
534743 -1 #SUP: 107
534744 -1 #SUP: 69
534745 -1 #SUP: 150
534746 -1 #SUP: 53
534747 -1 #SUP: 54
534748 -1 #SUP: 50
534749 -1 #SUP: 118
534750 -1 #SUP: 236
534751 -1 #SUP: 125
534752 -1 #SUP: 170
534754 -1 #SUP: 105
534755 -1 #SUP: 139
534758 -1 #SUP: 92
534759 -1 #SUP: 67
534760 -1 #SUP: 95
534761 -1 #SUP: 135
534762 -1 #SUP: 337
534763 -1 #SUP: 82
534764 -1 #SUP: 115
534765 -1 #SUP: 278
534766 -1 #SUP: 227
534768 -1 #SUP: 297
534771 -1 #SUP: 498
534772 -1 #SUP: 481
534773 -1 #SUP: 436
534774 -1 #SUP: 112
534775 -1 #SUP: 159
534776 -1 #SUP: 164
534777 -1 #SUP: 168
534778 -1 #SUP: 196
534779 -1 #SUP: 207
534783 -1 #SUP: 121
534784 -1 #SUP: 246
534785 -1 #SUP: 205
534786 -1 #SUP: 234
534787 -1 #SUP: 108
534788 -1 #SUP: 339
534789 -1 #SUP: 329
534790 -1 #SUP: 288
534791 -1 #SUP: 361
534792 -1 #SUP: 241
534793 -1 #SUP: 331
534794 -1 #SUP: 276
534795 -1 #SUP: 341
534796 -1 #SUP: 174
534797 -1 #SUP: 97
534798 -1 #SUP: 277
534799 -1 #SUP: 283
534800 -1 #SUP: 267
534801 -1 #SUP: 96
534802 -1 #SUP: 110
534803 -1 #SUP: 186
534804 -1 #SUP: 229
534807 -1 #SUP: 312
534808 -1 #SUP: 388
534809 -1 #SUP: 102
534810 -1 #SUP: 697
534811 -1 #SUP: 176
534812 -1 #SUP: 303
534813 -1 #SUP: 335
534814 -1 #SUP: 257
534815 -1 #SUP: 351
534816 -1 #SUP: 589
534817 -1 #SUP: 247
534818 -1 #SUP: 57
534819 -1 #SUP: 563
534820 -1 #SUP: 697
534821 -1 #SUP: 871
534822 -1 #SUP: 128
534823 -1 #SUP: 171
534824 -1 #SUP: 276
534825 -1 #SUP: 107
534826 -1 #SUP: 223
534827 -1 #SUP: 259
534828 -1 #SUP: 291
534829 -1 #SUP: 83
534830 -1 #SUP: 65
534831 -1 #SUP: 209
534832 -1 #SUP: 390
534833 -1 #SUP: 508
534834 -1 #SUP: 259
534835 -1 #SUP: 89
534836 -1 #SUP: 213
534837 -1 #SUP: 695
534838 -1 #SUP: 735
534839 -1 #SUP: 422
534840 -1 #SUP: 391
534841 -1 #SUP: 618
534842 -1 #SUP: 549
534843 -1 #SUP: 175
534844 -1 #SUP: 83
534845 -1 #SUP: 252
534846 -1 #SUP: 651
534847 -1 #SUP: 635
534848 -1 #SUP: 367
534849 -1 #SUP: 242
534850 -1 #SUP: 55
534851 -1 #SUP: 250
534852 -1 #SUP: 284
534853 -1 #SUP: 122
534855 -1 #SUP: 206
534856 -1 #SUP: 360
534858 -1 #SUP: 190
534859 -1 #SUP: 183
534860 -1 #SUP: 293
534861 -1 #SUP: 392
534862 -1 #SUP: 77
534864 -1 #SUP: 178
534865 -1 #SUP: 176
534866 -1 #SUP: 142
534867 -1 #SUP: 389
534868 -1 #SUP: 494
534870 -1 #SUP: 284
534871 -1 #SUP: 724
534872 -1 #SUP: 715
534873 -1 #SUP: 390
534874 -1 #SUP: 328
534875 -1 #SUP: 422
534876 -1 #SUP: 477
534877 -1 #SUP: 393
534878 -1 #SUP: 139
534879 -1 #SUP: 485
534880 -1 #SUP: 198
534881 -1 #SUP: 170
534882 -1 #SUP: 295
534883 -1 #SUP: 229
534884 -1 #SUP: 801
534885 -1 #SUP: 342
534886 -1 #SUP: 161
534887 -1 #SUP: 457
534888 -1 #SUP: 237
534889 -1 #SUP: 51
534890 -1 #SUP: 196
534891 -1 #SUP: 417
534892 -1 #SUP: 290
534893 -1 #SUP: 163
534894 -1 #SUP: 244
534895 -1 #SUP: 82
534896 -1 #SUP: 122
534897 -1 #SUP: 52
534898 -1 #SUP: 88
534899 -1 #SUP: 144
534903 -1 #SUP: 164
534904 -1 #SUP: 116
534906 -1 #SUP: 51
534907 -1 #SUP: 238
534908 -1 #SUP: 112
534910 -1 #SUP: 193
534911 -1 #SUP: 349
534912 -1 #SUP: 122
534915 -1 #SUP: 143
534916 -1 #SUP: 462
534917 -1 #SUP: 450
534918 -1 #SUP: 261
534919 -1 #SUP: 165
534920 -1 #SUP: 113
534921 -1 #SUP: 675
534922 -1 #SUP: 282
534923 -1 #SUP: 58
534924 -1 #SUP: 147
534925 -1 #SUP: 309
534926 -1 #SUP: 236
534927 -1 #SUP: 353
534928 -1 #SUP: 279
534930 -1 #SUP: 231
534931 -1 #SUP: 355
534932 -1 #SUP: 171
534934 -1 #SUP: 207
534935 -1 #SUP: 416
534936 -1 #SUP: 413
534938 -1 #SUP: 306
534939 -1 #SUP: 216
534940 -1 #SUP: 201
534941 -1 #SUP: 375
534942 -1 #SUP: 160
534943 -1 #SUP: 195
534944 -1 #SUP: 304
534945 -1 #SUP: 128
534946 -1 #SUP: 235
534947 -1 #SUP: 618
534948 -1 #SUP: 632
534949 -1 #SUP: 427
534950 -1 #SUP: 486
534951 -1 #SUP: 201
534952 -1 #SUP: 376
534953 -1 #SUP: 375
534954 -1 #SUP: 338
534955 -1 #SUP: 307
534956 -1 #SUP: 83
534957 -1 #SUP: 332
534958 -1 #SUP: 438
534959 -1 #SUP: 275
534960 -1 #SUP: 416
534961 -1 #SUP: 421
534962 -1 #SUP: 274
534963 -1 #SUP: 145
534964 -1 #SUP: 51
534965 -1 #SUP: 122
534966 -1 #SUP: 226
534967 -1 #SUP: 181
534968 -1 #SUP: 79
534969 -1 #SUP: 70
534970 -1 #SUP: 323
534971 -1 #SUP: 279
534972 -1 #SUP: 530
534973 -1 #SUP: 172
534974 -1 #SUP: 280
534975 -1 #SUP: 222
534976 -1 #SUP: 75
534977 -1 #SUP: 335
534978 -1 #SUP: 523
534979 -1 #SUP: 258
534980 -1 #SUP: 239
534981 -1 #SUP: 103
534983 -1 #SUP: 107
534984 -1 #SUP: 326
534985 -1 #SUP: 293
534986 -1 #SUP: 94
534987 -1 #SUP: 57
534988 -1 #SUP: 245
534989 -1 #SUP: 204
534990 -1 #SUP: 55
534991 -1 #SUP: 106
534993 -1 #SUP: 249
534994 -1 #SUP: 597
534995 -1 #SUP: 408
534996 -1 #SUP: 60
534997 -1 #SUP: 161
534998 -1 #SUP: 167
534999 -1 #SUP: 315
535000 -1 #SUP: 331
535001 -1 #SUP: 263
535002 -1 #SUP: 674
535003 -1 #SUP: 402
535004 -1 #SUP: 405
535005 -1 #SUP: 247
535006 -1 #SUP: 225
535007 -1 #SUP: 224
535008 -1 #SUP: 269
535009 -1 #SUP: 117
535010 -1 #SUP: 244
535013 -1 #SUP: 202
535014 -1 #SUP: 105
535015 -1 #SUP: 158
535017 -1 #SUP: 158
535018 -1 #SUP: 83
535019 -1 #SUP: 175
535020 -1 #SUP: 237
535021 -1 #SUP: 108
535022 -1 #SUP: 89
535023 -1 #SUP: 198
535024 -1 #SUP: 540
535025 -1 #SUP: 169
535026 -1 #SUP: 94
535027 -1 #SUP: 343
535028 -1 #SUP: 261
535029 -1 #SUP: 150
535030 -1 #SUP: 418
535032 -1 #SUP: 273
535033 -1 #SUP: 257
535034 -1 #SUP: 273
535037 -1 #SUP: 185
535038 -1 #SUP: 335
535039 -1 #SUP: 158
535040 -1 #SUP: 258
535041 -1 #SUP: 324
535042 -1 #SUP: 293
535043 -1 #SUP: 183
535044 -1 #SUP: 200
535045 -1 #SUP: 213
535046 -1 #SUP: 434
535048 -1 #SUP: 119
535049 -1 #SUP: 246
535050 -1 #SUP: 110
535052 -1 #SUP: 179
535053 -1 #SUP: 132
535054 -1 #SUP: 75
535064 -1 #SUP: 67
535066 -1 #SUP: 138
535067 -1 #SUP: 120
535068 -1 #SUP: 189
535069 -1 #SUP: 72
535071 -1 #SUP: 261
535073 -1 #SUP: 112
535077 -1 #SUP: 95
535078 -1 #SUP: 86
535079 -1 #SUP: 136
535082 -1 #SUP: 75
535084 -1 #SUP: 80
535085 -1 #SUP: 243
535086 -1 #SUP: 64
535087 -1 #SUP: 126
535088 -1 #SUP: 176
535089 -1 #SUP: 261
535090 -1 #SUP: 299
535091 -1 #SUP: 136
535092 -1 #SUP: 163
535094 -1 #SUP: 91
535095 -1 #SUP: 69
535096 -1 #SUP: 163
535097 -1 #SUP: 148
535098 -1 #SUP: 133
535099 -1 #SUP: 184
535100 -1 #SUP: 213
535101 -1 #SUP: 206
535102 -1 #SUP: 79
535103 -1 #SUP: 119
535104 -1 #SUP: 417
535105 -1 #SUP: 139
535106 -1 #SUP: 114
535107 -1 #SUP: 246
535108 -1 #SUP: 352
535109 -1 #SUP: 53
535110 -1 #SUP: 263
535111 -1 #SUP: 151
535112 -1 #SUP: 92
535113 -1 #SUP: 204
535114 -1 #SUP: 198
535116 -1 #SUP: 101
535117 -1 #SUP: 173
535118 -1 #SUP: 151
535119 -1 #SUP: 168
535120 -1 #SUP: 477
535121 -1 #SUP: 299
535122 -1 #SUP: 59
535123 -1 #SUP: 374
535124 -1 #SUP: 637
535125 -1 #SUP: 187
535126 -1 #SUP: 466
535127 -1 #SUP: 167
535128 -1 #SUP: 168
535129 -1 #SUP: 242
535130 -1 #SUP: 250
535131 -1 #SUP: 290
535132 -1 #SUP: 186
535133 -1 #SUP: 83
535134 -1 #SUP: 107
535135 -1 #SUP: 177
535136 -1 #SUP: 408
535137 -1 #SUP: 358
535138 -1 #SUP: 169
535139 -1 #SUP: 304
535140 -1 #SUP: 350
535141 -1 #SUP: 288
535142 -1 #SUP: 549
535143 -1 #SUP: 126
535144 -1 #SUP: 290
535145 -1 #SUP: 182
535146 -1 #SUP: 91
535147 -1 #SUP: 197
535148 -1 #SUP: 125
535149 -1 #SUP: 178
535150 -1 #SUP: 214
535151 -1 #SUP: 201
535157 -1 #SUP: 68
535160 -1 #SUP: 86
535161 -1 #SUP: 71
535162 -1 #SUP: 94
535163 -1 #SUP: 91
535166 -1 #SUP: 71
535184 -1 #SUP: 82
535187 -1 #SUP: 102
535188 -1 #SUP: 119
535191 -1 #SUP: 165
535195 -1 #SUP: 63
535196 -1 #SUP: 87
535202 -1 #SUP: 62
535204 -1 #SUP: 140
535207 -1 #SUP: 113
535208 -1 #SUP: 120
535211 -1 #SUP: 124
535258 -1 #SUP: 132
535260 -1 #SUP: 69
535263 -1 #SUP: 60
535265 -1 #SUP: 55
535266 -1 #SUP: 173
535267 -1 #SUP: 80
535268 -1 #SUP: 214
535269 -1 #SUP: 165
535271 -1 #SUP: 99
535272 -1 #SUP: 77
535276 -1 #SUP: 94
535278 -1 #SUP: 208
535279 -1 #SUP: 52
535280 -1 #SUP: 57
535281 -1 #SUP: 66
535292 -1 #SUP: 65
535297 -1 #SUP: 83
535299 -1 #SUP: 161
535301 -1 #SUP: 61
535303 -1 #SUP: 50
535329 -1 #SUP: 53
535344 -1 #SUP: 93
535345 -1 #SUP: 56
535346 -1 #SUP: 109
535347 -1 #SUP: 116
535352 -1 #SUP: 54
535355 -1 #SUP: 57
535357 -1 #SUP: 73
535364 -1 #SUP: 87
535367 -1 #SUP: 70
535368 -1 #SUP: 102
535371 -1 #SUP: 80
535380 -1 #SUP: 100
535382 -1 #SUP: 90
535384 -1 #SUP: 80
535385 -1 #SUP: 135
535389 -1 #SUP: 97
535390 -1 #SUP: 86
535397 -1 #SUP: 52
535401 -1 #SUP: 142
535402 -1 #SUP: 50
535403 -1 #SUP: 92
535404 -1 #SUP: 78
535407 -1 #SUP: 71
535426 -1 #SUP: 85
535438 -1 #SUP: 50
535439 -1 #SUP: 93
535445 -1 #SUP: 51
556114 -1 #SUP: 124
556116 -1 #SUP: 59
556120 -1 #SUP: 61
556126 -1 #SUP: 51
556972 -1 #SUP: 75
557026 -1 #SUP: 109
557031 -1 #SUP: 60
557033 -1 #SUP: 63
557038 -1 #SUP: 54
557043 -1 #SUP: 108
557044 -1 #SUP: 84
557047 -1 #SUP: 52
557048 -1 #SUP: 85
557051 -1 #SUP: 130
557056 -1 #SUP: 61
557591 -1 #SUP: 50
557605 -1 #SUP: 61
557606 -1 #SUP: 55
557701 -1 #SUP: 85
557758 -1 #SUP: 53
557781 -1 #SUP: 77
557806 -1 #SUP: 76
557807 -1 #SUP: 701
557808 -1 #SUP: 447
557811 -1 #SUP: 322
557852 -1 #SUP: 51
557855 -1 #SUP: 115
557856 -1 #SUP: 150
557859 -1 #SUP: 311
557860 -1 #SUP: 147
557862 -1 #SUP: 103
557863 -1 #SUP: 150
557865 -1 #SUP: 54
557872 -1 #SUP: 230
557873 -1 #SUP: 262
557874 -1 #SUP: 52
557875 -1 #SUP: 165
557876 -1 #SUP: 54
557877 -1 #SUP: 288
557878 -1 #SUP: 473
557879 -1 #SUP: 156
557881 -1 #SUP: 455
557882 -1 #SUP: 488
557885 -1 #SUP: 84
557886 -1 #SUP: 330
557889 -1 #SUP: 69
557890 -1 #SUP: 61
557893 -1 #SUP: 63
557894 -1 #SUP: 162
557895 -1 #SUP: 65
557897 -1 #SUP: 64
557934 -1 #SUP: 112
557935 -1 #SUP: 81
557940 -1 #SUP: 78
557942 -1 #SUP: 97
557956 -1 #SUP: 155
557958 -1 #SUP: 155
557961 -1 #SUP: 81
557970 -1 #SUP: 107
557971 -1 #SUP: 64
557979 -1 #SUP: 132
557981 -1 #SUP: 102
557985 -1 #SUP: 135
557988 -1 #SUP: 61
557990 -1 #SUP: 90
557992 -1 #SUP: 71
557993 -1 #SUP: 127
557994 -1 #SUP: 159
557995 -1 #SUP: 76
557997 -1 #SUP: 89
558005 -1 #SUP: 113
558006 -1 #SUP: 87
558036 -1 #SUP: 156
558038 -1 #SUP: 172
558039 -1 #SUP: 91
558875 -1 #SUP: 62
559044 -1 #SUP: 87
559048 -1 #SUP: 89
569454 -1 #SUP: 63
569459 -1 #SUP: 99
569460 -1 #SUP: 58
569463 -1 #SUP: 63
569464 -1 #SUP: 62
578275 -1 #SUP: 57
578286 -1 #SUP: 51
578290 -1 #SUP: 53
578291 -1 #SUP: 85
578301 -1 #SUP: 69
578367 -1 #SUP: 58
578661 -1 #SUP: 63
578694 -1 #SUP: 51
578724 -1 #SUP: 83
578729 -1 #SUP: 65
578816 -1 #SUP: 216
578817 -1 #SUP: 173
578818 -1 #SUP: 292
578824 -1 #SUP: 251
578825 -1 #SUP: 76
578826 -1 #SUP: 69
578827 -1 #SUP: 323
578829 -1 #SUP: 183
578839 -1 #SUP: 59
578843 -1 #SUP: 51
578844 -1 #SUP: 146
578846 -1 #SUP: 92
578847 -1 #SUP: 276
578851 -1 #SUP: 138
578852 -1 #SUP: 254
578853 -1 #SUP: 50
578854 -1 #SUP: 634
578855 -1 #SUP: 57
578856 -1 #SUP: 111
578857 -1 #SUP: 132
578858 -1 #SUP: 110
578859 -1 #SUP: 231
578860 -1 #SUP: 207
578861 -1 #SUP: 120
578862 -1 #SUP: 69
578863 -1 #SUP: 197
578864 -1 #SUP: 138
578865 -1 #SUP: 51
578866 -1 #SUP: 90
578867 -1 #SUP: 67
578868 -1 #SUP: 63
578869 -1 #SUP: 118
578883 -1 #SUP: 73
578884 -1 #SUP: 102
578885 -1 #SUP: 197
578886 -1 #SUP: 77
578889 -1 #SUP: 52
578899 -1 #SUP: 67
578928 -1 #SUP: 97
578929 -1 #SUP: 96
578930 -1 #SUP: 94
578936 -1 #SUP: 114
578938 -1 #SUP: 161
578939 -1 #SUP: 273
578940 -1 #SUP: 314
578941 -1 #SUP: 244
578942 -1 #SUP: 173
578943 -1 #SUP: 335
578944 -1 #SUP: 179
578945 -1 #SUP: 287
578946 -1 #SUP: 173
578947 -1 #SUP: 235
578948 -1 #SUP: 192
578949 -1 #SUP: 291
578950 -1 #SUP: 223
578951 -1 #SUP: 100
578952 -1 #SUP: 246
578953 -1 #SUP: 109
578954 -1 #SUP: 95
578955 -1 #SUP: 287
578957 -1 #SUP: 143
578958 -1 #SUP: 77
578960 -1 #SUP: 166
578961 -1 #SUP: 100
578962 -1 #SUP: 122
578966 -1 #SUP: 67
578967 -1 #SUP: 51
578968 -1 #SUP: 208
578969 -1 #SUP: 225
578970 -1 #SUP: 107
578971 -1 #SUP: 136
578972 -1 #SUP: 66
578973 -1 #SUP: 146
578974 -1 #SUP: 143
578976 -1 #SUP: 76
578977 -1 #SUP: 78
578980 -1 #SUP: 61
578981 -1 #SUP: 58
578983 -1 #SUP: 62
578984 -1 #SUP: 413
578985 -1 #SUP: 321
578986 -1 #SUP: 50
578987 -1 #SUP: 143
578988 -1 #SUP: 268
578989 -1 #SUP: 464
578990 -1 #SUP: 413
578991 -1 #SUP: 445
578992 -1 #SUP: 640
578993 -1 #SUP: 550
578994 -1 #SUP: 189
578995 -1 #SUP: 86
578996 -1 #SUP: 85
578997 -1 #SUP: 85
579000 -1 #SUP: 137
579001 -1 #SUP: 106
579002 -1 #SUP: 292
579003 -1 #SUP: 110
579004 -1 #SUP: 196
579005 -1 #SUP: 283
579006 -1 #SUP: 274
579007 -1 #SUP: 305
579008 -1 #SUP: 183
579010 -1 #SUP: 151
579012 -1 #SUP: 135
579015 -1 #SUP: 276
579016 -1 #SUP: 349
579017 -1 #SUP: 124
579018 -1 #SUP: 289
579019 -1 #SUP: 58
579020 -1 #SUP: 119
579021 -1 #SUP: 137
579023 -1 #SUP: 402
579024 -1 #SUP: 142
579025 -1 #SUP: 278
579026 -1 #SUP: 347
579027 -1 #SUP: 238
579028 -1 #SUP: 306
579029 -1 #SUP: 168
579030 -1 #SUP: 286
579031 -1 #SUP: 211
579032 -1 #SUP: 314
579033 -1 #SUP: 215
579035 -1 #SUP: 64
579036 -1 #SUP: 183
579037 -1 #SUP: 335
579038 -1 #SUP: 237
579040 -1 #SUP: 57
579041 -1 #SUP: 147
579042 -1 #SUP: 150
579043 -1 #SUP: 222
579044 -1 #SUP: 85
579045 -1 #SUP: 56
579047 -1 #SUP: 52
579050 -1 #SUP: 68
579060 -1 #SUP: 89
579061 -1 #SUP: 176
579062 -1 #SUP: 87
579071 -1 #SUP: 62
579072 -1 #SUP: 121
579073 -1 #SUP: 108
579078 -1 #SUP: 122
579079 -1 #SUP: 102
579080 -1 #SUP: 119
579081 -1 #SUP: 174
579082 -1 #SUP: 157
579083 -1 #SUP: 65
579084 -1 #SUP: 60
579086 -1 #SUP: 52
579087 -1 #SUP: 249
579088 -1 #SUP: 179
579090 -1 #SUP: 191
579091 -1 #SUP: 148
579092 -1 #SUP: 140
579094 -1 #SUP: 99
579097 -1 #SUP: 106
579098 -1 #SUP: 195
579099 -1 #SUP: 160
579100 -1 #SUP: 68
579101 -1 #SUP: 292
579102 -1 #SUP: 137
579103 -1 #SUP: 294
579104 -1 #SUP: 152
579105 -1 #SUP: 198
579106 -1 #SUP: 375
579107 -1 #SUP: 86
579108 -1 #SUP: 273
579109 -1 #SUP: 253
579110 -1 #SUP: 260
579111 -1 #SUP: 466
579112 -1 #SUP: 68
579113 -1 #SUP: 214
579114 -1 #SUP: 599
579115 -1 #SUP: 164
579116 -1 #SUP: 463
579117 -1 #SUP: 210
579118 -1 #SUP: 111
579119 -1 #SUP: 365
579120 -1 #SUP: 325
579121 -1 #SUP: 164
579123 -1 #SUP: 295
579124 -1 #SUP: 215
579126 -1 #SUP: 176
579127 -1 #SUP: 294
579128 -1 #SUP: 139
579131 -1 #SUP: 159
579134 -1 #SUP: 154
579136 -1 #SUP: 310
579137 -1 #SUP: 605
579138 -1 #SUP: 691
579139 -1 #SUP: 250
579141 -1 #SUP: 223
579142 -1 #SUP: 390
579143 -1 #SUP: 535
579144 -1 #SUP: 161
579145 -1 #SUP: 146
579146 -1 #SUP: 365
579147 -1 #SUP: 255
579148 -1 #SUP: 271
579149 -1 #SUP: 402
579150 -1 #SUP: 612
579151 -1 #SUP: 352
579152 -1 #SUP: 301
579153 -1 #SUP: 423
579154 -1 #SUP: 230
579155 -1 #SUP: 243
579156 -1 #SUP: 400
579157 -1 #SUP: 184
579159 -1 #SUP: 230
579160 -1 #SUP: 470
579161 -1 #SUP: 457
579162 -1 #SUP: 110
579163 -1 #SUP: 444
579164 -1 #SUP: 483
579165 -1 #SUP: 306
579166 -1 #SUP: 190
579167 -1 #SUP: 408
579168 -1 #SUP: 218
579169 -1 #SUP: 448
579170 -1 #SUP: 307
579171 -1 #SUP: 198
579172 -1 #SUP: 915
579173 -1 #SUP: 419
579174 -1 #SUP: 295
579175 -1 #SUP: 910
579176 -1 #SUP: 520
579177 -1 #SUP: 386
579178 -1 #SUP: 333
579179 -1 #SUP: 814
579180 -1 #SUP: 690
579181 -1 #SUP: 230
579182 -1 #SUP: 331
579183 -1 #SUP: 491
579184 -1 #SUP: 603
579185 -1 #SUP: 252
579186 -1 #SUP: 240
579187 -1 #SUP: 454
579188 -1 #SUP: 147
579189 -1 #SUP: 548
579190 -1 #SUP: 571
579191 -1 #SUP: 221
579192 -1 #SUP: 514
579193 -1 #SUP: 862
579194 -1 #SUP: 404
579195 -1 #SUP: 219
579196 -1 #SUP: 306
579197 -1 #SUP: 746
579198 -1 #SUP: 664
579199 -1 #SUP: 268
579200 -1 #SUP: 226
579201 -1 #SUP: 631
579202 -1 #SUP: 1024
579203 -1 #SUP: 386
579204 -1 #SUP: 82
579205 -1 #SUP: 111
579206 -1 #SUP: 575
579207 -1 #SUP: 692
579208 -1 #SUP: 255
579209 -1 #SUP: 83
579210 -1 #SUP: 106
579211 -1 #SUP: 517
579212 -1 #SUP: 381
579213 -1 #SUP: 527
579214 -1 #SUP: 303
579215 -1 #SUP: 322
579216 -1 #SUP: 93
579217 -1 #SUP: 113
579218 -1 #SUP: 218
579219 -1 #SUP: 146
579220 -1 #SUP: 368
579221 -1 #SUP: 424
579222 -1 #SUP: 339
579223 -1 #SUP: 486
579224 -1 #SUP: 659
579225 -1 #SUP: 229
579226 -1 #SUP: 904
579227 -1 #SUP: 700
579228 -1 #SUP: 207
579229 -1 #SUP: 514
579230 -1 #SUP: 421
579231 -1 #SUP: 154
579232 -1 #SUP: 185
579233 -1 #SUP: 425
579234 -1 #SUP: 497
579235 -1 #SUP: 339
579236 -1 #SUP: 393
579237 -1 #SUP: 489
579238 -1 #SUP: 408
579239 -1 #SUP: 202
579240 -1 #SUP: 219
579241 -1 #SUP: 531
579242 -1 #SUP: 167
579243 -1 #SUP: 88
579244 -1 #SUP: 285
579245 -1 #SUP: 179
579246 -1 #SUP: 164
579247 -1 #SUP: 380
579248 -1 #SUP: 277
579249 -1 #SUP: 271
579250 -1 #SUP: 414
579251 -1 #SUP: 73
579252 -1 #SUP: 141
579253 -1 #SUP: 61
579254 -1 #SUP: 499
579255 -1 #SUP: 208
579256 -1 #SUP: 387
579257 -1 #SUP: 772
579258 -1 #SUP: 229
579260 -1 #SUP: 309
579261 -1 #SUP: 542
579262 -1 #SUP: 234
579263 -1 #SUP: 228
579264 -1 #SUP: 92
579265 -1 #SUP: 144
579268 -1 #SUP: 102
579270 -1 #SUP: 68
579271 -1 #SUP: 129
579272 -1 #SUP: 170
579273 -1 #SUP: 92
579275 -1 #SUP: 118
579277 -1 #SUP: 87
579278 -1 #SUP: 262
579279 -1 #SUP: 319
579280 -1 #SUP: 256
579282 -1 #SUP: 104
579283 -1 #SUP: 367
579284 -1 #SUP: 566
579285 -1 #SUP: 866
579286 -1 #SUP: 294
579287 -1 #SUP: 68
579288 -1 #SUP: 196
579289 -1 #SUP: 423
579290 -1 #SUP: 166
579291 -1 #SUP: 81
579293 -1 #SUP: 137
579294 -1 #SUP: 242
579318 -1 #SUP: 60
579320 -1 #SUP: 63
579321 -1 #SUP: 79
579322 -1 #SUP: 63
579323 -1 #SUP: 66
579324 -1 #SUP: 84
579325 -1 #SUP: 67
579393 -1 #SUP: 156
579394 -1 #SUP: 61
579400 -1 #SUP: 64
579401 -1 #SUP: 92
579403 -1 #SUP: 96
579404 -1 #SUP: 218
579405 -1 #SUP: 176
579406 -1 #SUP: 89
579407 -1 #SUP: 200
579408 -1 #SUP: 160
579410 -1 #SUP: 94
579420 -1 #SUP: 53
579421 -1 #SUP: 57
579423 -1 #SUP: 64
579424 -1 #SUP: 145
579425 -1 #SUP: 157
579431 -1 #SUP: 66
579436 -1 #SUP: 104
579440 -1 #SUP: 54
579443 -1 #SUP: 75
579444 -1 #SUP: 93
579445 -1 #SUP: 80
579472 -1 #SUP: 74
579473 -1 #SUP: 170
579474 -1 #SUP: 129
579475 -1 #SUP: 81
579484 -1 #SUP: 105
579485 -1 #SUP: 105
579490 -1 #SUP: 109
579491 -1 #SUP: 104
579492 -1 #SUP: 90
579493 -1 #SUP: 51
579495 -1 #SUP: 77
579501 -1 #SUP: 50
579845 -1 #SUP: 62
579873 -1 #SUP: 54
579882 -1 #SUP: 52
579883 -1 #SUP: 55
579886 -1 #SUP: 50
579888 -1 #SUP: 62
579895 -1 #SUP: 69
579899 -1 #SUP: 112
579900 -1 #SUP: 84
579902 -1 #SUP: 74
579903 -1 #SUP: 179
579904 -1 #SUP: 223
579905 -1 #SUP: 267
579906 -1 #SUP: 272
579907 -1 #SUP: 127
579911 -1 #SUP: 51
579912 -1 #SUP: 318
579913 -1 #SUP: 82
579914 -1 #SUP: 150
579916 -1 #SUP: 112
579917 -1 #SUP: 325
579918 -1 #SUP: 256
579919 -1 #SUP: 187
579920 -1 #SUP: 221
579921 -1 #SUP: 226
579922 -1 #SUP: 129
579924 -1 #SUP: 315
579925 -1 #SUP: 168
579926 -1 #SUP: 51
579928 -1 #SUP: 154
579930 -1 #SUP: 242
579931 -1 #SUP: 288
579932 -1 #SUP: 400
579933 -1 #SUP: 387
579934 -1 #SUP: 165
579935 -1 #SUP: 99
579936 -1 #SUP: 287
579937 -1 #SUP: 106
579938 -1 #SUP: 336
579939 -1 #SUP: 229
579940 -1 #SUP: 214
579941 -1 #SUP: 346
579942 -1 #SUP: 291
579943 -1 #SUP: 371
579944 -1 #SUP: 59
579945 -1 #SUP: 108
579946 -1 #SUP: 98
579947 -1 #SUP: 88
579948 -1 #SUP: 84
579949 -1 #SUP: 82
579950 -1 #SUP: 81
579951 -1 #SUP: 125
579956 -1 #SUP: 57
579957 -1 #SUP: 196
579961 -1 #SUP: 50
579967 -1 #SUP: 64
579978 -1 #SUP: 219
579981 -1 #SUP: 57
579984 -1 #SUP: 80
579985 -1 #SUP: 74
579989 -1 #SUP: 83
579990 -1 #SUP: 108
579992 -1 #SUP: 56
579997 -1 #SUP: 60
579998 -1 #SUP: 280
580015 -1 #SUP: 74
580016 -1 #SUP: 71
580018 -1 #SUP: 66
580021 -1 #SUP: 69
580027 -1 #SUP: 72
580035 -1 #SUP: 72
580038 -1 #SUP: 60
580039 -1 #SUP: 54
580101 -1 #SUP: 59
580156 -1 #SUP: 57
580176 -1 #SUP: 52
580179 -1 #SUP: 65
580182 -1 #SUP: 53
580448 -1 #SUP: 53
579998 -1 579978 -1 #SUP: 52
579943 -1 534166 -1 #SUP: 62
579942 -1 534166 -1 #SUP: 61
579931 -1 579941 -1 #SUP: 55
579941 -1 579931 -1 #SUP: 52
579941 -1 534170 -1 #SUP: 65
579933 -1 579932 -1 #SUP: 58
579931 -1 579932 -1 #SUP: 58
579289 -1 579285 -1 #SUP: 66
579285 -1 579286 -1 #SUP: 60
579286 -1 579285 -1 #SUP: 89
579285 -1 579285 -1 #SUP: 85
579284 -1 579285 -1 #SUP: 125
579285 -1 579284 -1 #SUP: 121
579283 -1 579285 -1 #SUP: 53
579285 -1 579283 -1 #SUP: 51
579285 -1 579280 -1 #SUP: 51
579207 -1 579285 -1 #SUP: 62
579203 -1 579285 -1 #SUP: 66
579285 -1 579203 -1 #SUP: 72
579202 -1 579285 -1 #SUP: 94
579285 -1 579202 -1 #SUP: 117
579285 -1 579201 -1 #SUP: 67
579285 -1 579200 -1 #SUP: 59
579116 -1 579285 -1 #SUP: 61
579114 -1 579285 -1 #SUP: 119
579285 -1 579114 -1 #SUP: 98
579111 -1 579285 -1 #SUP: 50
579283 -1 579284 -1 #SUP: 81
579284 -1 579283 -1 #SUP: 77
579207 -1 579284 -1 #SUP: 50
579284 -1 579207 -1 #SUP: 52
579202 -1 579284 -1 #SUP: 55
579284 -1 579202 -1 #SUP: 62
579280 -1 579279 -1 #SUP: 54
579279 -1 579257 -1 #SUP: 77
579260 -1 579261 -1 #SUP: 68
579261 -1 579260 -1 #SUP: 50
579261 -1 579257 -1 #SUP: 74
579256 -1 579261 -1 #SUP: 51
579261 -1 579256 -1 #SUP: 58
579250 -1 579261 -1 #SUP: 63
579257 -1 579258 -1 #SUP: 52
579258 -1 579257 -1 #SUP: 64
579257 -1 579257 -1 #SUP: 50
579256 -1 579257 -1 #SUP: 77
579257 -1 579256 -1 #SUP: 63
579254 -1 579257 -1 #SUP: 90
579257 -1 579254 -1 #SUP: 86
579257 -1 579234 -1 #SUP: 52
579207 -1 579257 -1 #SUP: 69
579257 -1 579207 -1 #SUP: 95
579206 -1 579257 -1 #SUP: 64
579257 -1 579206 -1 #SUP: 92
579202 -1 579257 -1 #SUP: 59
579257 -1 579202 -1 #SUP: 91
579257 -1 579201 -1 #SUP: 50
579207 -1 579254 -1 #SUP: 61
579202 -1 579254 -1 #SUP: 54
579238 -1 579241 -1 #SUP: 53
579241 -1 579238 -1 #SUP: 52
579234 -1 579241 -1 #SUP: 76
579241 -1 579234 -1 #SUP: 58
534871 -1 579241 -1 #SUP: 50
579241 -1 534871 -1 #SUP: 86
579241 -1 534870 -1 #SUP: 53
534868 -1 579241 -1 #SUP: 52
579239 -1 579238 -1 #SUP: 53
579238 -1 579237 -1 #SUP: 54
579234 -1 579238 -1 #SUP: 61
579238 -1 534873 -1 #SUP: 57
579238 -1 534871 -1 #SUP: 57
579227 -1 579237 -1 #SUP: 52
579237 -1 579227 -1 #SUP: 54
579226 -1 579237 -1 #SUP: 89
579237 -1 579226 -1 #SUP: 64
534874 -1 579237 -1 #SUP: 65
579237 -1 534874 -1 #SUP: 54
579227 -1 579236 -1 #SUP: 50
579236 -1 579227 -1 #SUP: 52
579235 -1 579227 -1 #SUP: 52
579234 -1 579233 -1 #SUP: 51
579234 -1 534871 -1 #SUP: 64
579234 -1 534870 -1 #SUP: 52
579229 -1 579230 -1 #SUP: 50
579230 -1 579229 -1 #SUP: 65
579230 -1 579226 -1 #SUP: 50
579211 -1 579230 -1 #SUP: 67
579227 -1 579229 -1 #SUP: 54
579229 -1 579227 -1 #SUP: 56
579226 -1 579229 -1 #SUP: 53
579229 -1 579226 -1 #SUP: 65
579226 -1 579227 -1 #SUP: 84
579227 -1 579226 -1 #SUP: 84
579224 -1 579227 -1 #SUP: 85
579227 -1 579224 -1 #SUP: 73
579225 -1 579226 -1 #SUP: 50
579224 -1 579226 -1 #SUP: 93
579226 -1 579224 -1 #SUP: 53
579223 -1 579226 -1 #SUP: 51
579211 -1 579226 -1 #SUP: 50
579179 -1 579226 -1 #SUP: 56
534885 -1 579226 -1 #SUP: 71
579226 -1 534885 -1 #SUP: 50
534884 -1 579226 -1 #SUP: 76
579226 -1 534884 -1 #SUP: 106
534879 -1 579226 -1 #SUP: 63
534876 -1 579226 -1 #SUP: 61
579226 -1 534876 -1 #SUP: 55
579226 -1 534875 -1 #SUP: 54
579226 -1 534874 -1 #SUP: 55
579226 -1 534872 -1 #SUP: 63
579223 -1 579224 -1 #SUP: 72
579179 -1 579224 -1 #SUP: 60
579179 -1 579223 -1 #SUP: 78
579222 -1 579221 -1 #SUP: 52
579179 -1 579221 -1 #SUP: 51
579221 -1 579179 -1 #SUP: 60
579178 -1 579221 -1 #SUP: 57
579179 -1 579220 -1 #SUP: 59
579212 -1 579215 -1 #SUP: 52
579215 -1 579212 -1 #SUP: 51
579215 -1 579184 -1 #SUP: 65
579201 -1 579214 -1 #SUP: 55
579213 -1 579212 -1 #SUP: 74
579211 -1 579213 -1 #SUP: 61
579213 -1 579211 -1 #SUP: 60
579202 -1 579213 -1 #SUP: 101
579213 -1 579202 -1 #SUP: 80
579212 -1 579211 -1 #SUP: 64
579202 -1 579212 -1 #SUP: 58
579202 -1 579211 -1 #SUP: 58
579206 -1 579207 -1 #SUP: 83
579207 -1 579206 -1 #SUP: 67
579202 -1 579207 -1 #SUP: 96
579207 -1 579202 -1 #SUP: 136
579201 -1 579207 -1 #SUP: 57
579207 -1 579201 -1 #SUP: 61
579202 -1 579206 -1 #SUP: 54
579206 -1 579202 -1 #SUP: 86
579202 -1 579203 -1 #SUP: 54
579203 -1 579202 -1 #SUP: 83
579202 -1 579202 -1 #SUP: 60
579201 -1 579202 -1 #SUP: 78
579202 -1 579201 -1 #SUP: 125
579198 -1 579202 -1 #SUP: 63
579202 -1 579198 -1 #SUP: 63
579197 -1 579202 -1 #SUP: 56
579202 -1 579197 -1 #SUP: 62
579202 -1 579193 -1 #SUP: 56
579114 -1 579202 -1 #SUP: 53
579202 -1 579114 -1 #SUP: 53
579198 -1 579201 -1 #SUP: 79
579201 -1 579198 -1 #SUP: 62
579197 -1 579201 -1 #SUP: 57
579201 -1 579197 -1 #SUP: 57
579201 -1 579193 -1 #SUP: 69
579114 -1 579201 -1 #SUP: 52
579199 -1 579114 -1 #SUP: 50
579197 -1 579198 -1 #SUP: 105
579198 -1 579197 -1 #SUP: 74
579193 -1 579198 -1 #SUP: 58
579198 -1 579193 -1 #SUP: 62
579192 -1 579198 -1 #SUP: 52
579114 -1 579198 -1 #SUP: 51
579196 -1 579197 -1 #SUP: 50
579193 -1 579197 -1 #SUP: 70
579197 -1 579193 -1 #SUP: 87
579192 -1 579197 -1 #SUP: 61
579197 -1 579192 -1 #SUP: 58
579184 -1 579197 -1 #SUP: 52
579197 -1 579184 -1 #SUP: 50
579116 -1 579197 -1 #SUP: 69
579197 -1 579116 -1 #SUP: 52
579193 -1 579194 -1 #SUP: 57
579194 -1 579193 -1 #SUP: 72
579193 -1 579193 -1 #SUP: 53
579192 -1 579193 -1 #SUP: 75
579193 -1 579192 -1 #SUP: 62
579190 -1 579193 -1 #SUP: 80
579193 -1 579190 -1 #SUP: 89
579193 -1 579189 -1 #SUP: 70
579193 -1 579175 -1 #SUP: 52
579193 -1 579169 -1 #SUP: 50
579143 -1 579193 -1 #SUP: 61
579193 -1 579143 -1 #SUP: 64
579193 -1 579142 -1 #SUP: 60
579138 -1 579193 -1 #SUP: 58
579193 -1 579138 -1 #SUP: 84
579137 -1 579193 -1 #SUP: 53
579189 -1 579190 -1 #SUP: 97
579190 -1 579189 -1 #SUP: 88
579190 -1 579175 -1 #SUP: 57
579190 -1 579169 -1 #SUP: 51
579189 -1 579175 -1 #SUP: 68
579189 -1 579169 -1 #SUP: 63
579184 -1 579187 -1 #SUP: 72
579187 -1 579184 -1 #SUP: 78
579187 -1 579183 -1 #SUP: 52
579187 -1 579180 -1 #SUP: 67
579184 -1 579185 -1 #SUP: 50
579183 -1 579184 -1 #SUP: 81
579184 -1 579183 -1 #SUP: 72
579180 -1 579184 -1 #SUP: 83
579184 -1 579180 -1 #SUP: 91
579184 -1 579179 -1 #SUP: 56
579180 -1 579183 -1 #SUP: 123
579183 -1 579180 -1 #SUP: 104
579179 -1 579183 -1 #SUP: 70
579183 -1 579179 -1 #SUP: 53
579169 -1 579182 -1 #SUP: 50
579179 -1 579180 -1 #SUP: 117
579180 -1 579179 -1 #SUP: 95
579176 -1 579179 -1 #SUP: 76
579179 -1 579176 -1 #SUP: 62
579175 -1 579179 -1 #SUP: 86
579179 -1 579175 -1 #SUP: 67
579172 -1 579179 -1 #SUP: 60
579179 -1 579172 -1 #SUP: 69
534891 -1 579179 -1 #SUP: 52
579175 -1 579176 -1 #SUP: 68
579176 -1 579175 -1 #SUP: 85
579176 -1 579172 -1 #SUP: 57
579172 -1 579175 -1 #SUP: 113
579175 -1 579172 -1 #SUP: 104
579170 -1 579175 -1 #SUP: 75
579175 -1 579170 -1 #SUP: 57
579169 -1 579175 -1 #SUP: 75
579175 -1 579169 -1 #SUP: 59
579175 -1 579163 -1 #SUP: 50
534935 -1 579175 -1 #SUP: 53
579172 -1 579173 -1 #SUP: 58
579173 -1 579172 -1 #SUP: 60
579172 -1 579172 -1 #SUP: 53
579167 -1 579172 -1 #SUP: 96
579172 -1 579167 -1 #SUP: 65
579164 -1 579172 -1 #SUP: 103
579172 -1 579164 -1 #SUP: 63
579163 -1 579172 -1 #SUP: 57
579172 -1 579163 -1 #SUP: 68
579172 -1 579160 -1 #SUP: 53
579172 -1 579146 -1 #SUP: 57
579167 -1 579164 -1 #SUP: 79
579163 -1 579160 -1 #SUP: 60
579160 -1 579161 -1 #SUP: 74
579161 -1 534948 -1 #SUP: 55
579156 -1 579159 -1 #SUP: 51
579159 -1 579156 -1 #SUP: 51
579150 -1 579149 -1 #SUP: 53
579137 -1 579150 -1 #SUP: 70
579150 -1 579137 -1 #SUP: 58
578993 -1 579150 -1 #SUP: 83
579150 -1 578993 -1 #SUP: 63
578992 -1 579150 -1 #SUP: 68
579150 -1 578992 -1 #SUP: 50
579138 -1 579143 -1 #SUP: 85
579143 -1 579138 -1 #SUP: 97
579137 -1 579143 -1 #SUP: 51
579143 -1 579137 -1 #SUP: 52
579137 -1 579138 -1 #SUP: 68
579138 -1 579137 -1 #SUP: 81
579136 -1 579138 -1 #SUP: 50
578992 -1 579137 -1 #SUP: 54
579116 -1 579119 -1 #SUP: 66
579119 -1 579116 -1 #SUP: 61
579114 -1 579116 -1 #SUP: 50
579116 -1 579114 -1 #SUP: 62
579111 -1 579114 -1 #SUP: 55
579114 -1 579111 -1 #SUP: 56
578992 -1 578993 -1 #SUP: 65
578993 -1 578992 -1 #SUP: 82
578991 -1 578992 -1 #SUP: 57
578992 -1 578991 -1 #SUP: 63
578991 -1 578990 -1 #SUP: 55
578984 -1 578989 -1 #SUP: 61
578989 -1 578984 -1 #SUP: 57
578940 -1 578943 -1 #SUP: 68
578827 -1 578854 -1 #SUP: 52
557885 -1 557886 -1 #SUP: 55
557878 -1 557886 -1 #SUP: 52
557873 -1 557886 -1 #SUP: 93
557807 -1 557886 -1 #SUP: 60
557881 -1 557882 -1 #SUP: 91
557878 -1 557882 -1 #SUP: 58
557882 -1 557811 -1 #SUP: 50
557882 -1 557808 -1 #SUP: 89
557807 -1 557882 -1 #SUP: 79
557882 -1 557807 -1 #SUP: 186
557878 -1 557881 -1 #SUP: 89
557877 -1 557881 -1 #SUP: 50
557808 -1 557881 -1 #SUP: 55
557881 -1 557808 -1 #SUP: 50
557807 -1 557881 -1 #SUP: 62
557881 -1 557807 -1 #SUP: 96
557877 -1 557878 -1 #SUP: 70
557878 -1 557877 -1 #SUP: 51
557873 -1 557878 -1 #SUP: 58
557878 -1 557872 -1 #SUP: 53
557811 -1 557878 -1 #SUP: 62
557808 -1 557878 -1 #SUP: 56
557807 -1 557878 -1 #SUP: 94
557878 -1 557807 -1 #SUP: 77
557877 -1 557808 -1 #SUP: 52
557877 -1 557807 -1 #SUP: 77
557807 -1 557872 -1 #SUP: 53
557860 -1 557807 -1 #SUP: 57
557859 -1 557811 -1 #SUP: 51
557859 -1 557808 -1 #SUP: 52
557859 -1 557807 -1 #SUP: 69
557856 -1 557807 -1 #SUP: 55
557808 -1 557811 -1 #SUP: 94
557807 -1 557811 -1 #SUP: 65
557811 -1 557807 -1 #SUP: 110
557807 -1 557808 -1 #SUP: 108
557808 -1 557807 -1 #SUP: 124
557807 -1 557807 -1 #SUP: 67
535150 -1 535137 -1 #SUP: 58
535141 -1 535142 -1 #SUP: 58
535140 -1 535142 -1 #SUP: 56
535136 -1 535137 -1 #SUP: 60
535137 -1 535136 -1 #SUP: 50
535130 -1 535126 -1 #SUP: 52
535126 -1 535124 -1 #SUP: 58
535124 -1 535123 -1 #SUP: 59
534955 -1 535124 -1 #SUP: 62
535120 -1 535121 -1 #SUP: 53
535042 -1 535041 -1 #SUP: 59
535027 -1 535024 -1 #SUP: 57
534707 -1 535024 -1 #SUP: 66
535024 -1 534707 -1 #SUP: 70
535024 -1 534704 -1 #SUP: 78
534810 -1 535013 -1 #SUP: 54
535013 -1 534810 -1 #SUP: 57
535005 -1 534994 -1 #SUP: 53
535004 -1 535003 -1 #SUP: 64
535004 -1 535002 -1 #SUP: 63
535003 -1 535002 -1 #SUP: 70
535003 -1 534821 -1 #SUP: 78
535003 -1 534820 -1 #SUP: 57
535003 -1 534810 -1 #SUP: 50
535000 -1 535002 -1 #SUP: 58
534995 -1 535002 -1 #SUP: 60
534994 -1 535002 -1 #SUP: 60
535002 -1 534837 -1 #SUP: 60
534821 -1 535002 -1 #SUP: 67
535002 -1 534821 -1 #SUP: 113
535002 -1 534820 -1 #SUP: 80
534810 -1 535002 -1 #SUP: 51
535002 -1 534810 -1 #SUP: 83
535000 -1 534821 -1 #SUP: 61
534921 -1 534995 -1 #SUP: 55
534916 -1 534995 -1 #SUP: 61
534993 -1 534994 -1 #SUP: 66
534916 -1 534994 -1 #SUP: 50
534970 -1 534917 -1 #SUP: 58
534957 -1 534958 -1 #SUP: 64
534958 -1 534947 -1 #SUP: 54
534947 -1 534957 -1 #SUP: 51
534950 -1 534953 -1 #SUP: 60
534953 -1 534950 -1 #SUP: 66
534952 -1 534948 -1 #SUP: 50
534949 -1 534950 -1 #SUP: 55
534948 -1 534949 -1 #SUP: 61
534947 -1 534948 -1 #SUP: 62
534948 -1 534947 -1 #SUP: 60
534944 -1 534947 -1 #SUP: 51
534947 -1 534944 -1 #SUP: 60
534921 -1 534947 -1 #SUP: 57
534947 -1 534921 -1 #SUP: 61
534944 -1 534921 -1 #SUP: 53
534936 -1 534938 -1 #SUP: 50
534935 -1 534936 -1 #SUP: 53
534921 -1 534918 -1 #SUP: 50
534921 -1 534916 -1 #SUP: 60
534884 -1 534891 -1 #SUP: 56
534884 -1 534887 -1 #SUP: 86
534887 -1 534884 -1 #SUP: 83
534887 -1 534882 -1 #SUP: 65
534885 -1 534884 -1 #SUP: 53
534883 -1 534884 -1 #SUP: 57
534876 -1 534884 -1 #SUP: 88
534884 -1 534876 -1 #SUP: 59
534875 -1 534884 -1 #SUP: 99
534884 -1 534875 -1 #SUP: 93
534872 -1 534884 -1 #SUP: 87
534884 -1 534872 -1 #SUP: 89
534884 -1 534871 -1 #SUP: 65
534876 -1 534883 -1 #SUP: 62
534876 -1 534879 -1 #SUP: 67
534879 -1 534856 -1 #SUP: 50
534877 -1 534876 -1 #SUP: 52
534872 -1 534877 -1 #SUP: 86
534877 -1 534872 -1 #SUP: 56
534872 -1 534875 -1 #SUP: 59
534875 -1 534872 -1 #SUP: 72
534872 -1 534873 -1 #SUP: 52
534873 -1 534872 -1 #SUP: 76
534873 -1 534871 -1 #SUP: 50
534871 -1 534872 -1 #SUP: 102
534872 -1 534871 -1 #SUP: 120
534868 -1 534872 -1 #SUP: 56
534871 -1 534871 -1 #SUP: 54
534870 -1 534871 -1 #SUP: 59
534868 -1 534871 -1 #SUP: 84
534871 -1 534868 -1 #SUP: 57
534186 -1 534871 -1 #SUP: 51
534871 -1 534186 -1 #SUP: 52
534186 -1 534868 -1 #SUP: 65
534205 -1 534867 -1 #SUP: 54
534867 -1 534205 -1 #SUP: 61
534848 -1 534861 -1 #SUP: 51
534847 -1 534861 -1 #SUP: 53
534847 -1 534848 -1 #SUP: 71
534848 -1 534205 -1 #SUP: 56
534846 -1 534847 -1 #SUP: 88
534847 -1 534846 -1 #SUP: 75
534833 -1 534847 -1 #SUP: 53
534847 -1 534833 -1 #SUP: 59
534222 -1 534847 -1 #SUP: 58
534212 -1 534847 -1 #SUP: 56
534847 -1 534212 -1 #SUP: 62
534209 -1 534847 -1 #SUP: 55
534847 -1 534209 -1 #SUP: 62
534208 -1 534847 -1 #SUP: 82
534847 -1 534208 -1 #SUP: 68
534833 -1 534846 -1 #SUP: 73
534846 -1 534833 -1 #SUP: 99
534208 -1 534846 -1 #SUP: 64
534841 -1 534842 -1 #SUP: 58
534842 -1 534841 -1 #SUP: 66
534840 -1 534842 -1 #SUP: 50
534838 -1 534842 -1 #SUP: 52
534842 -1 534838 -1 #SUP: 69
534837 -1 534842 -1 #SUP: 50
534842 -1 534213 -1 #SUP: 62
534838 -1 534841 -1 #SUP: 122
534841 -1 534838 -1 #SUP: 86
534837 -1 534841 -1 #SUP: 101
534819 -1 534841 -1 #SUP: 50
534816 -1 534841 -1 #SUP: 65
534213 -1 534841 -1 #SUP: 64
534838 -1 534839 -1 #SUP: 62
534839 -1 534838 -1 #SUP: 54
534839 -1 534834 -1 #SUP: 68
534833 -1 534839 -1 #SUP: 52
534837 -1 534838 -1 #SUP: 114
534838 -1 534837 -1 #SUP: 81
534821 -1 534838 -1 #SUP: 53
534820 -1 534838 -1 #SUP: 65
534819 -1 534838 -1 #SUP: 57
534838 -1 534819 -1 #SUP: 57
534816 -1 534838 -1 #SUP: 69
534838 -1 534816 -1 #SUP: 52
534790 -1 534838 -1 #SUP: 55
534265 -1 534838 -1 #SUP: 54
534821 -1 534837 -1 #SUP: 71
534837 -1 534821 -1 #SUP: 57
534820 -1 534837 -1 #SUP: 97
534837 -1 534820 -1 #SUP: 52
534819 -1 534837 -1 #SUP: 66
534837 -1 534819 -1 #SUP: 63
534816 -1 534837 -1 #SUP: 86
534837 -1 534816 -1 #SUP: 58
534833 -1 534834 -1 #SUP: 51
534832 -1 534833 -1 #SUP: 79
534833 -1 534832 -1 #SUP: 81
534821 -1 534821 -1 #SUP: 54
534820 -1 534821 -1 #SUP: 74
534821 -1 534820 -1 #SUP: 122
534819 -1 534821 -1 #SUP: 57
534821 -1 534819 -1 #SUP: 84
534821 -1 534816 -1 #SUP: 64
534810 -1 534821 -1 #SUP: 110
534821 -1 534810 -1 #SUP: 103
534808 -1 534821 -1 #SUP: 63
534724 -1 534821 -1 #SUP: 51
534819 -1 534820 -1 #SUP: 58
534820 -1 534819 -1 #SUP: 85
534820 -1 534816 -1 #SUP: 73
534810 -1 534820 -1 #SUP: 63
534816 -1 534819 -1 #SUP: 70
534819 -1 534816 -1 #SUP: 62
534816 -1 534815 -1 #SUP: 59
534810 -1 534810 -1 #SUP: 57
534808 -1 534810 -1 #SUP: 84
534810 -1 534808 -1 #SUP: 65
534724 -1 534810 -1 #SUP: 72
534810 -1 534724 -1 #SUP: 68
534807 -1 534724 -1 #SUP: 55
534786 -1 534791 -1 #SUP: 55
534771 -1 534772 -1 #SUP: 55
534772 -1 534771 -1 #SUP: 53
534772 -1 534284 -1 #SUP: 65
534771 -1 534768 -1 #SUP: 51
534771 -1 534287 -1 #SUP: 64
534284 -1 534771 -1 #SUP: 61
534771 -1 534284 -1 #SUP: 63
534768 -1 534287 -1 #SUP: 58
534768 -1 534284 -1 #SUP: 66
534723 -1 534724 -1 #SUP: 50
534717 -1 534707 -1 #SUP: 54
534716 -1 534707 -1 #SUP: 50
534707 -1 534710 -1 #SUP: 56
534710 -1 534707 -1 #SUP: 51
534704 -1 534707 -1 #SUP: 67
534707 -1 534704 -1 #SUP: 71
534690 -1 534707 -1 #SUP: 65
534694 -1 534695 -1 #SUP: 58
534690 -1 534695 -1 #SUP: 58
534695 -1 534690 -1 #SUP: 67
534331 -1 534330 -1 #SUP: 53
534329 -1 534330 -1 #SUP: 51
534330 -1 534329 -1 #SUP: 51
534330 -1 534327 -1 #SUP: 56
534327 -1 534329 -1 #SUP: 65
534329 -1 534327 -1 #SUP: 91
534278 -1 534329 -1 #SUP: 61
534324 -1 534327 -1 #SUP: 57
534327 -1 534324 -1 #SUP: 59
534323 -1 534327 -1 #SUP: 72
534323 -1 534324 -1 #SUP: 83
534324 -1 534323 -1 #SUP: 76
534284 -1 534324 -1 #SUP: 59
534320 -1 534323 -1 #SUP: 55
534284 -1 534323 -1 #SUP: 51
534282 -1 534323 -1 #SUP: 58
534323 -1 534282 -1 #SUP: 53
534284 -1 534289 -1 #SUP: 84
534289 -1 534284 -1 #SUP: 55
534284 -1 534287 -1 #SUP: 54
534287 -1 534284 -1 #SUP: 77
534285 -1 534284 -1 #SUP: 51
534283 -1 534284 -1 #SUP: 53
534284 -1 534283 -1 #SUP: 54
534282 -1 534284 -1 #SUP: 80
534284 -1 534282 -1 #SUP: 73
534278 -1 534284 -1 #SUP: 51
534284 -1 534278 -1 #SUP: 63
534283 -1 534282 -1 #SUP: 53
534281 -1 534282 -1 #SUP: 57
534282 -1 534281 -1 #SUP: 114
534279 -1 534282 -1 #SUP: 53
534278 -1 534282 -1 #SUP: 54
534282 -1 534278 -1 #SUP: 143
534278 -1 534281 -1 #SUP: 56
534281 -1 534278 -1 #SUP: 173
534276 -1 534281 -1 #SUP: 51
534281 -1 534276 -1 #SUP: 52
534278 -1 534279 -1 #SUP: 107
534279 -1 534278 -1 #SUP: 73
534276 -1 534279 -1 #SUP: 86
534279 -1 534276 -1 #SUP: 62
534279 -1 534274 -1 #SUP: 95
534273 -1 534279 -1 #SUP: 59
534279 -1 534273 -1 #SUP: 86
534276 -1 534278 -1 #SUP: 87
534278 -1 534276 -1 #SUP: 81
534278 -1 534274 -1 #SUP: 53
534278 -1 534273 -1 #SUP: 57
534274 -1 534273 -1 #SUP: 60
534262 -1 534265 -1 #SUP: 50
534261 -1 534265 -1 #SUP: 82
534213 -1 534265 -1 #SUP: 59
534265 -1 534213 -1 #SUP: 64
534261 -1 534262 -1 #SUP: 71
534260 -1 534261 -1 #SUP: 54
534261 -1 534260 -1 #SUP: 61
534243 -1 534261 -1 #SUP: 68
534261 -1 534243 -1 #SUP: 57
534240 -1 534261 -1 #SUP: 59
534261 -1 534217 -1 #SUP: 52
534259 -1 534260 -1 #SUP: 52
534260 -1 534259 -1 #SUP: 54
534260 -1 534243 -1 #SUP: 52
534232 -1 534243 -1 #SUP: 50
534233 -1 534232 -1 #SUP: 77
534054 -1 534233 -1 #SUP: 53
534223 -1 534224 -1 #SUP: 61
534224 -1 534223 -1 #SUP: 57
534224 -1 534222 -1 #SUP: 56
534223 -1 534222 -1 #SUP: 64
534221 -1 534222 -1 #SUP: 63
534216 -1 534222 -1 #SUP: 55
534209 -1 534222 -1 #SUP: 59
534222 -1 534209 -1 #SUP: 57
534222 -1 534208 -1 #SUP: 102
534221 -1 534217 -1 #SUP: 56
534216 -1 534221 -1 #SUP: 55
534221 -1 534216 -1 #SUP: 66
534209 -1 534221 -1 #SUP: 54
534205 -1 534221 -1 #SUP: 55
534216 -1 534219 -1 #SUP: 51
534216 -1 534217 -1 #SUP: 63
534217 -1 534216 -1 #SUP: 63
534205 -1 534217 -1 #SUP: 51
534212 -1 534216 -1 #SUP: 50
534216 -1 534212 -1 #SUP: 68
534209 -1 534216 -1 #SUP: 56
534215 -1 534212 -1 #SUP: 70
534212 -1 534213 -1 #SUP: 52
534208 -1 534209 -1 #SUP: 87
534209 -1 534208 -1 #SUP: 86
534205 -1 534209 -1 #SUP: 76
534205 -1 534204 -1 #SUP: 54
534200 -1 534205 -1 #SUP: 72
534205 -1 534200 -1 #SUP: 64
534194 -1 534205 -1 #SUP: 74
534193 -1 534205 -1 #SUP: 72
534192 -1 534205 -1 #SUP: 51
534187 -1 534186 -1 #SUP: 59
534185 -1 534186 -1 #SUP: 63
534186 -1 534185 -1 #SUP: 51
534170 -1 534166 -1 #SUP: 54
534167 -1 534168 -1 #SUP: 52
534166 -1 534167 -1 #SUP: 84
534167 -1 534166 -1 #SUP: 76
534164 -1 534167 -1 #SUP: 54
534142 -1 534145 -1 #SUP: 52
534145 -1 534142 -1 #SUP: 55
534141 -1 534142 -1 #SUP: 81
534142 -1 534141 -1 #SUP: 50
534140 -1 534142 -1 #SUP: 52
