531169 -1 #SUP: 32
531170 -1 #SUP: 23
531182 -1 #SUP: 20
531188 -1 #SUP: 24
531191 -1 #SUP: 29
533103 -1 #SUP: 22
533107 -1 #SUP: 21
533108 -1 #SUP: 20
533125 -1 #SUP: 20
533126 -1 #SUP: 30
533127 -1 #SUP: 21
533132 -1 #SUP: 20
533133 -1 #SUP: 24
533137 -1 #SUP: 23
533169 -1 #SUP: 31
533170 -1 #SUP: 20
533176 -1 #SUP: 36
533177 -1 #SUP: 31
533178 -1 #SUP: 22
533180 -1 #SUP: 36
533181 -1 #SUP: 23
533182 -1 #SUP: 27
533185 -1 #SUP: 25
533249 -1 #SUP: 48
533256 -1 #SUP: 33
533258 -1 #SUP: 31
533280 -1 #SUP: 32
533283 -1 #SUP: 20
533301 -1 #SUP: 25
533469 -1 #SUP: 24
533650 -1 #SUP: 34
533652 -1 #SUP: 53
533653 -1 #SUP: 82
533655 -1 #SUP: 25
533668 -1 #SUP: 32
533671 -1 #SUP: 23
533777 -1 #SUP: 24
533784 -1 #SUP: 24
533785 -1 #SUP: 27
533913 -1 #SUP: 22
533914 -1 #SUP: 20
533921 -1 #SUP: 53
533927 -1 #SUP: 36
533928 -1 #SUP: 58
533929 -1 #SUP: 21
533933 -1 #SUP: 34
533934 -1 #SUP: 51
533935 -1 #SUP: 57
533940 -1 #SUP: 26
533946 -1 #SUP: 21
533985 -1 #SUP: 38
533990 -1 #SUP: 24
533991 -1 #SUP: 30
534004 -1 #SUP: 27
534007 -1 #SUP: 20
534008 -1 #SUP: 48
534011 -1 #SUP: 35
534013 -1 #SUP: 22
534020 -1 #SUP: 73
534021 -1 #SUP: 22
534023 -1 #SUP: 36
534024 -1 #SUP: 40
534026 -1 #SUP: 33
534027 -1 #SUP: 90
534028 -1 #SUP: 62
534031 -1 #SUP: 77
534037 -1 #SUP: 93
534038 -1 #SUP: 55
534040 -1 #SUP: 47
534041 -1 #SUP: 50
534042 -1 #SUP: 29
534044 -1 #SUP: 24
534045 -1 #SUP: 41
534046 -1 #SUP: 90
534047 -1 #SUP: 37
534048 -1 #SUP: 59
534049 -1 #SUP: 60
534050 -1 #SUP: 70
534051 -1 #SUP: 55
534054 -1 #SUP: 70
534055 -1 #SUP: 65
534056 -1 #SUP: 84
534057 -1 #SUP: 66
534058 -1 #SUP: 57
534059 -1 #SUP: 39
534060 -1 #SUP: 65
534061 -1 #SUP: 114
534062 -1 #SUP: 61
534069 -1 #SUP: 28
534074 -1 #SUP: 21
534077 -1 #SUP: 43
534084 -1 #SUP: 64
534085 -1 #SUP: 49
534087 -1 #SUP: 53
534090 -1 #SUP: 56
534091 -1 #SUP: 70
534092 -1 #SUP: 66
534095 -1 #SUP: 31
534096 -1 #SUP: 35
534097 -1 #SUP: 25
534111 -1 #SUP: 29
534112 -1 #SUP: 20
534114 -1 #SUP: 30
534116 -1 #SUP: 24
534119 -1 #SUP: 25
534120 -1 #SUP: 91
534121 -1 #SUP: 21
534122 -1 #SUP: 27
534123 -1 #SUP: 67
534125 -1 #SUP: 27
534127 -1 #SUP: 39
534128 -1 #SUP: 75
534129 -1 #SUP: 22
534131 -1 #SUP: 61
534132 -1 #SUP: 80
534133 -1 #SUP: 90
534136 -1 #SUP: 57
534137 -1 #SUP: 41
534138 -1 #SUP: 39
534139 -1 #SUP: 63
534140 -1 #SUP: 87
534141 -1 #SUP: 110
534142 -1 #SUP: 192
534143 -1 #SUP: 80
534144 -1 #SUP: 50
534145 -1 #SUP: 95
534146 -1 #SUP: 97
534148 -1 #SUP: 83
534150 -1 #SUP: 52
534151 -1 #SUP: 150
534153 -1 #SUP: 83
534154 -1 #SUP: 110
534155 -1 #SUP: 127
534156 -1 #SUP: 68
534157 -1 #SUP: 31
534158 -1 #SUP: 110
534159 -1 #SUP: 176
534160 -1 #SUP: 133
534161 -1 #SUP: 31
534162 -1 #SUP: 116
534163 -1 #SUP: 86
534164 -1 #SUP: 89
534165 -1 #SUP: 56
534166 -1 #SUP: 251
534167 -1 #SUP: 248
534168 -1 #SUP: 88
534169 -1 #SUP: 87
534170 -1 #SUP: 176
534171 -1 #SUP: 71
534172 -1 #SUP: 63
534173 -1 #SUP: 86
534174 -1 #SUP: 51
534175 -1 #SUP: 52
534176 -1 #SUP: 24
534179 -1 #SUP: 126
534180 -1 #SUP: 106
534181 -1 #SUP: 131
534182 -1 #SUP: 101
534185 -1 #SUP: 126
534186 -1 #SUP: 181
534187 -1 #SUP: 62
534188 -1 #SUP: 77
534191 -1 #SUP: 43
534192 -1 #SUP: 127
534193 -1 #SUP: 115
534194 -1 #SUP: 99
534195 -1 #SUP: 96
534196 -1 #SUP: 95
534197 -1 #SUP: 60
534199 -1 #SUP: 107
534200 -1 #SUP: 148
534201 -1 #SUP: 79
534202 -1 #SUP: 96
534203 -1 #SUP: 50
534204 -1 #SUP: 123
534205 -1 #SUP: 252
534206 -1 #SUP: 63
534207 -1 #SUP: 20
534208 -1 #SUP: 226
534209 -1 #SUP: 195
534211 -1 #SUP: 97
534212 -1 #SUP: 252
534213 -1 #SUP: 218
534214 -1 #SUP: 85
534215 -1 #SUP: 96
534216 -1 #SUP: 224
534217 -1 #SUP: 167
534218 -1 #SUP: 66
534219 -1 #SUP: 110
534220 -1 #SUP: 89
534221 -1 #SUP: 155
534222 -1 #SUP: 178
534223 -1 #SUP: 155
534224 -1 #SUP: 156
534225 -1 #SUP: 55
534226 -1 #SUP: 33
534227 -1 #SUP: 149
534228 -1 #SUP: 133
534229 -1 #SUP: 41
534230 -1 #SUP: 48
534231 -1 #SUP: 105
534232 -1 #SUP: 187
534233 -1 #SUP: 122
534234 -1 #SUP: 80
534235 -1 #SUP: 29
534236 -1 #SUP: 53
534237 -1 #SUP: 88
534238 -1 #SUP: 89
534239 -1 #SUP: 57
534240 -1 #SUP: 102
534241 -1 #SUP: 66
534242 -1 #SUP: 24
534243 -1 #SUP: 184
534244 -1 #SUP: 106
534245 -1 #SUP: 138
534246 -1 #SUP: 68
534247 -1 #SUP: 31
534248 -1 #SUP: 39
534250 -1 #SUP: 32
534251 -1 #SUP: 39
534252 -1 #SUP: 57
534253 -1 #SUP: 35
534254 -1 #SUP: 85
534255 -1 #SUP: 81
534256 -1 #SUP: 61
534257 -1 #SUP: 81
534258 -1 #SUP: 150
534259 -1 #SUP: 147
534260 -1 #SUP: 204
534261 -1 #SUP: 216
534262 -1 #SUP: 119
534263 -1 #SUP: 104
534264 -1 #SUP: 164
534265 -1 #SUP: 241
534266 -1 #SUP: 100
534267 -1 #SUP: 66
534268 -1 #SUP: 102
534269 -1 #SUP: 104
534270 -1 #SUP: 30
534271 -1 #SUP: 153
534272 -1 #SUP: 71
534273 -1 #SUP: 186
534274 -1 #SUP: 103
534275 -1 #SUP: 75
534276 -1 #SUP: 196
534277 -1 #SUP: 67
534278 -1 #SUP: 326
534279 -1 #SUP: 208
534280 -1 #SUP: 30
534281 -1 #SUP: 174
534282 -1 #SUP: 261
534283 -1 #SUP: 149
534284 -1 #SUP: 309
534285 -1 #SUP: 108
534286 -1 #SUP: 43
534287 -1 #SUP: 210
534288 -1 #SUP: 95
534289 -1 #SUP: 139
534290 -1 #SUP: 43
534291 -1 #SUP: 51
534292 -1 #SUP: 47
534293 -1 #SUP: 22
534294 -1 #SUP: 20
534295 -1 #SUP: 58
534296 -1 #SUP: 107
534297 -1 #SUP: 58
534299 -1 #SUP: 59
534301 -1 #SUP: 50
534302 -1 #SUP: 32
534303 -1 #SUP: 64
534304 -1 #SUP: 34
534305 -1 #SUP: 39
534306 -1 #SUP: 35
534307 -1 #SUP: 45
534308 -1 #SUP: 72
534309 -1 #SUP: 42
534311 -1 #SUP: 43
534312 -1 #SUP: 27
534316 -1 #SUP: 44
534317 -1 #SUP: 47
534318 -1 #SUP: 82
534319 -1 #SUP: 76
534320 -1 #SUP: 118
534321 -1 #SUP: 32
534322 -1 #SUP: 51
534323 -1 #SUP: 227
534324 -1 #SUP: 161
534325 -1 #SUP: 112
534327 -1 #SUP: 205
534328 -1 #SUP: 65
534329 -1 #SUP: 160
534330 -1 #SUP: 155
534331 -1 #SUP: 108
534332 -1 #SUP: 42
534335 -1 #SUP: 24
534336 -1 #SUP: 56
534338 -1 #SUP: 40
534341 -1 #SUP: 104
534342 -1 #SUP: 128
534343 -1 #SUP: 106
534344 -1 #SUP: 27
534345 -1 #SUP: 55
534346 -1 #SUP: 24
534347 -1 #SUP: 84
534352 -1 #SUP: 71
534353 -1 #SUP: 64
534354 -1 #SUP: 36
534355 -1 #SUP: 20
534364 -1 #SUP: 21
534368 -1 #SUP: 31
534374 -1 #SUP: 33
534376 -1 #SUP: 20
534378 -1 #SUP: 28
534379 -1 #SUP: 28
534381 -1 #SUP: 24
534382 -1 #SUP: 43
534383 -1 #SUP: 28
534384 -1 #SUP: 36
534386 -1 #SUP: 67
534387 -1 #SUP: 50
534390 -1 #SUP: 44
534391 -1 #SUP: 37
534396 -1 #SUP: 54
534397 -1 #SUP: 23
534398 -1 #SUP: 22
534399 -1 #SUP: 26
534401 -1 #SUP: 40
534402 -1 #SUP: 44
534403 -1 #SUP: 63
534406 -1 #SUP: 23
534410 -1 #SUP: 20
534413 -1 #SUP: 34
534414 -1 #SUP: 77
534415 -1 #SUP: 64
534416 -1 #SUP: 54
534419 -1 #SUP: 55
534420 -1 #SUP: 38
534421 -1 #SUP: 50
534428 -1 #SUP: 21
534430 -1 #SUP: 35
534431 -1 #SUP: 40
534434 -1 #SUP: 20
534435 -1 #SUP: 23
534436 -1 #SUP: 25
534442 -1 #SUP: 26
534459 -1 #SUP: 22
534468 -1 #SUP: 35
534470 -1 #SUP: 24
534472 -1 #SUP: 29
534473 -1 #SUP: 60
534474 -1 #SUP: 39
534477 -1 #SUP: 35
534480 -1 #SUP: 34
534481 -1 #SUP: 58
534484 -1 #SUP: 59
534486 -1 #SUP: 23
534487 -1 #SUP: 52
534488 -1 #SUP: 78
534489 -1 #SUP: 41
534490 -1 #SUP: 63
534491 -1 #SUP: 87
534493 -1 #SUP: 36
534494 -1 #SUP: 47
534495 -1 #SUP: 63
534496 -1 #SUP: 82
534497 -1 #SUP: 21
534499 -1 #SUP: 46
534500 -1 #SUP: 153
534501 -1 #SUP: 46
534502 -1 #SUP: 70
534503 -1 #SUP: 42
534504 -1 #SUP: 58
534505 -1 #SUP: 25
534506 -1 #SUP: 39
534507 -1 #SUP: 57
534508 -1 #SUP: 37
534509 -1 #SUP: 23
534510 -1 #SUP: 59
534511 -1 #SUP: 63
534513 -1 #SUP: 28
534515 -1 #SUP: 21
534519 -1 #SUP: 29
534542 -1 #SUP: 30
534543 -1 #SUP: 22
534544 -1 #SUP: 41
534547 -1 #SUP: 20
534548 -1 #SUP: 55
534549 -1 #SUP: 31
534551 -1 #SUP: 66
534552 -1 #SUP: 44
534555 -1 #SUP: 60
534563 -1 #SUP: 35
534564 -1 #SUP: 101
534566 -1 #SUP: 28
534567 -1 #SUP: 48
534568 -1 #SUP: 50
534569 -1 #SUP: 37
534571 -1 #SUP: 47
534649 -1 #SUP: 31
534652 -1 #SUP: 35
534653 -1 #SUP: 53
534656 -1 #SUP: 60
534659 -1 #SUP: 57
534660 -1 #SUP: 54
534661 -1 #SUP: 43
534662 -1 #SUP: 89
534663 -1 #SUP: 46
534664 -1 #SUP: 29
534665 -1 #SUP: 67
534666 -1 #SUP: 100
534667 -1 #SUP: 22
534671 -1 #SUP: 22
534674 -1 #SUP: 25
534680 -1 #SUP: 45
534681 -1 #SUP: 46
534682 -1 #SUP: 20
534683 -1 #SUP: 112
534684 -1 #SUP: 62
534685 -1 #SUP: 33
534686 -1 #SUP: 29
534687 -1 #SUP: 74
534688 -1 #SUP: 49
534689 -1 #SUP: 56
534690 -1 #SUP: 130
534691 -1 #SUP: 38
534692 -1 #SUP: 93
534694 -1 #SUP: 99
534695 -1 #SUP: 144
534696 -1 #SUP: 41
534697 -1 #SUP: 65
534698 -1 #SUP: 95
534699 -1 #SUP: 38
534700 -1 #SUP: 64
534701 -1 #SUP: 54
534702 -1 #SUP: 90
534703 -1 #SUP: 73
534704 -1 #SUP: 184
534706 -1 #SUP: 60
534707 -1 #SUP: 286
534708 -1 #SUP: 31
534710 -1 #SUP: 132
534711 -1 #SUP: 79
534712 -1 #SUP: 32
534713 -1 #SUP: 158
534714 -1 #SUP: 134
534715 -1 #SUP: 41
534716 -1 #SUP: 110
534717 -1 #SUP: 108
534718 -1 #SUP: 31
534719 -1 #SUP: 27
534721 -1 #SUP: 104
534723 -1 #SUP: 68
534724 -1 #SUP: 200
534725 -1 #SUP: 115
534726 -1 #SUP: 70
534727 -1 #SUP: 67
534728 -1 #SUP: 54
534730 -1 #SUP: 116
534731 -1 #SUP: 194
534732 -1 #SUP: 109
534733 -1 #SUP: 20
534734 -1 #SUP: 38
534735 -1 #SUP: 117
534736 -1 #SUP: 20
534738 -1 #SUP: 49
534741 -1 #SUP: 75
534742 -1 #SUP: 49
534743 -1 #SUP: 48
534744 -1 #SUP: 37
534745 -1 #SUP: 61
534746 -1 #SUP: 32
534748 -1 #SUP: 27
534749 -1 #SUP: 52
534750 -1 #SUP: 87
534751 -1 #SUP: 47
534752 -1 #SUP: 71
534754 -1 #SUP: 34
534755 -1 #SUP: 60
534758 -1 #SUP: 54
534759 -1 #SUP: 20
534760 -1 #SUP: 36
534761 -1 #SUP: 56
534762 -1 #SUP: 127
534763 -1 #SUP: 30
534764 -1 #SUP: 52
534765 -1 #SUP: 113
534766 -1 #SUP: 84
534768 -1 #SUP: 113
534771 -1 #SUP: 197
534772 -1 #SUP: 204
534773 -1 #SUP: 166
534774 -1 #SUP: 44
534775 -1 #SUP: 58
534776 -1 #SUP: 86
534777 -1 #SUP: 72
534778 -1 #SUP: 77
534779 -1 #SUP: 78
534783 -1 #SUP: 42
534784 -1 #SUP: 106
534785 -1 #SUP: 81
534786 -1 #SUP: 103
534787 -1 #SUP: 53
534788 -1 #SUP: 107
534789 -1 #SUP: 135
534790 -1 #SUP: 121
534791 -1 #SUP: 147
534792 -1 #SUP: 124
534793 -1 #SUP: 143
534794 -1 #SUP: 134
534795 -1 #SUP: 146
534796 -1 #SUP: 87
534797 -1 #SUP: 48
534798 -1 #SUP: 123
534799 -1 #SUP: 112
534800 -1 #SUP: 121
534801 -1 #SUP: 42
534802 -1 #SUP: 40
534803 -1 #SUP: 70
534804 -1 #SUP: 79
534807 -1 #SUP: 130
534808 -1 #SUP: 127
534809 -1 #SUP: 39
534810 -1 #SUP: 275
534811 -1 #SUP: 62
534812 -1 #SUP: 108
534813 -1 #SUP: 126
534814 -1 #SUP: 94
534815 -1 #SUP: 134
534816 -1 #SUP: 239
534817 -1 #SUP: 92
534819 -1 #SUP: 224
534820 -1 #SUP: 304
534821 -1 #SUP: 354
534822 -1 #SUP: 48
534823 -1 #SUP: 75
534824 -1 #SUP: 114
534825 -1 #SUP: 36
534826 -1 #SUP: 98
534827 -1 #SUP: 89
534828 -1 #SUP: 112
534829 -1 #SUP: 39
534830 -1 #SUP: 29
534831 -1 #SUP: 84
534832 -1 #SUP: 136
534833 -1 #SUP: 201
534834 -1 #SUP: 84
534835 -1 #SUP: 36
534836 -1 #SUP: 90
534837 -1 #SUP: 274
534838 -1 #SUP: 278
534839 -1 #SUP: 166
534840 -1 #SUP: 136
534841 -1 #SUP: 274
534842 -1 #SUP: 217
534843 -1 #SUP: 83
534844 -1 #SUP: 38
534845 -1 #SUP: 94
534846 -1 #SUP: 247
534847 -1 #SUP: 242
534848 -1 #SUP: 157
534849 -1 #SUP: 106
534851 -1 #SUP: 85
534852 -1 #SUP: 104
534853 -1 #SUP: 54
534855 -1 #SUP: 71
534856 -1 #SUP: 143
534858 -1 #SUP: 74
534859 -1 #SUP: 87
534860 -1 #SUP: 108
534861 -1 #SUP: 148
534862 -1 #SUP: 27
534864 -1 #SUP: 65
534865 -1 #SUP: 72
534866 -1 #SUP: 59
534867 -1 #SUP: 163
534868 -1 #SUP: 211
534870 -1 #SUP: 138
534871 -1 #SUP: 291
534872 -1 #SUP: 294
534873 -1 #SUP: 147
534874 -1 #SUP: 130
534875 -1 #SUP: 178
534876 -1 #SUP: 178
534877 -1 #SUP: 139
534878 -1 #SUP: 41
534879 -1 #SUP: 180
534880 -1 #SUP: 66
534881 -1 #SUP: 80
534882 -1 #SUP: 110
534883 -1 #SUP: 97
534884 -1 #SUP: 300
534885 -1 #SUP: 131
534886 -1 #SUP: 90
534887 -1 #SUP: 188
534888 -1 #SUP: 113
534889 -1 #SUP: 20
534890 -1 #SUP: 90
534891 -1 #SUP: 187
534892 -1 #SUP: 114
534893 -1 #SUP: 58
534894 -1 #SUP: 100
534895 -1 #SUP: 32
534896 -1 #SUP: 37
534898 -1 #SUP: 32
534899 -1 #SUP: 62
534903 -1 #SUP: 59
534904 -1 #SUP: 32
534906 -1 #SUP: 22
534907 -1 #SUP: 92
534908 -1 #SUP: 43
534910 -1 #SUP: 59
534911 -1 #SUP: 130
534912 -1 #SUP: 35
534915 -1 #SUP: 37
534916 -1 #SUP: 197
534917 -1 #SUP: 180
534918 -1 #SUP: 88
534919 -1 #SUP: 55
534920 -1 #SUP: 38
534921 -1 #SUP: 269
534922 -1 #SUP: 117
534923 -1 #SUP: 22
534924 -1 #SUP: 53
534925 -1 #SUP: 106
534926 -1 #SUP: 89
534927 -1 #SUP: 131
534928 -1 #SUP: 106
534930 -1 #SUP: 103
534931 -1 #SUP: 141
534932 -1 #SUP: 71
534934 -1 #SUP: 68
534935 -1 #SUP: 182
534936 -1 #SUP: 180
534938 -1 #SUP: 113
534939 -1 #SUP: 92
534940 -1 #SUP: 72
534941 -1 #SUP: 159
534942 -1 #SUP: 55
534943 -1 #SUP: 79
534944 -1 #SUP: 124
534945 -1 #SUP: 53
534946 -1 #SUP: 77
534947 -1 #SUP: 247
534948 -1 #SUP: 256
534949 -1 #SUP: 181
534950 -1 #SUP: 220
534951 -1 #SUP: 85
534952 -1 #SUP: 156
534953 -1 #SUP: 136
534954 -1 #SUP: 127
534955 -1 #SUP: 156
534956 -1 #SUP: 41
534957 -1 #SUP: 151
534958 -1 #SUP: 180
534959 -1 #SUP: 139
534960 -1 #SUP: 160
534961 -1 #SUP: 184
534962 -1 #SUP: 131
534963 -1 #SUP: 69
534965 -1 #SUP: 53
534966 -1 #SUP: 104
534967 -1 #SUP: 58
534968 -1 #SUP: 43
534969 -1 #SUP: 25
534970 -1 #SUP: 113
534971 -1 #SUP: 109
534972 -1 #SUP: 230
534973 -1 #SUP: 92
534974 -1 #SUP: 102
534975 -1 #SUP: 102
534977 -1 #SUP: 162
534978 -1 #SUP: 223
534979 -1 #SUP: 100
534980 -1 #SUP: 88
534981 -1 #SUP: 47
534983 -1 #SUP: 30
534984 -1 #SUP: 130
534985 -1 #SUP: 114
534986 -1 #SUP: 31
534987 -1 #SUP: 22
534988 -1 #SUP: 110
534989 -1 #SUP: 90
534990 -1 #SUP: 29
534991 -1 #SUP: 53
534993 -1 #SUP: 103
534994 -1 #SUP: 237
534995 -1 #SUP: 163
534996 -1 #SUP: 27
534997 -1 #SUP: 50
534998 -1 #SUP: 62
534999 -1 #SUP: 136
535000 -1 #SUP: 142
535001 -1 #SUP: 91
535002 -1 #SUP: 251
535003 -1 #SUP: 150
535004 -1 #SUP: 161
535005 -1 #SUP: 83
535006 -1 #SUP: 72
535007 -1 #SUP: 83
535008 -1 #SUP: 100
535009 -1 #SUP: 41
535010 -1 #SUP: 101
535013 -1 #SUP: 73
535014 -1 #SUP: 46
535015 -1 #SUP: 63
535017 -1 #SUP: 63
535018 -1 #SUP: 30
535019 -1 #SUP: 62
535020 -1 #SUP: 94
535021 -1 #SUP: 35
535022 -1 #SUP: 32
535023 -1 #SUP: 65
535024 -1 #SUP: 198
535025 -1 #SUP: 71
535026 -1 #SUP: 48
535027 -1 #SUP: 150
535028 -1 #SUP: 115
535029 -1 #SUP: 51
535030 -1 #SUP: 192
535032 -1 #SUP: 130
535033 -1 #SUP: 97
535034 -1 #SUP: 109
535037 -1 #SUP: 72
535038 -1 #SUP: 141
535039 -1 #SUP: 72
535040 -1 #SUP: 106
535041 -1 #SUP: 124
535042 -1 #SUP: 112
535043 -1 #SUP: 76
535044 -1 #SUP: 79
535045 -1 #SUP: 66
535046 -1 #SUP: 164
535047 -1 #SUP: 20
535048 -1 #SUP: 43
535049 -1 #SUP: 96
535050 -1 #SUP: 50
535052 -1 #SUP: 64
535053 -1 #SUP: 53
535054 -1 #SUP: 31
535066 -1 #SUP: 47
535067 -1 #SUP: 48
535068 -1 #SUP: 58
535071 -1 #SUP: 93
535073 -1 #SUP: 54
535077 -1 #SUP: 32
535078 -1 #SUP: 29
535079 -1 #SUP: 64
535082 -1 #SUP: 29
535084 -1 #SUP: 31
535085 -1 #SUP: 105
535086 -1 #SUP: 33
535087 -1 #SUP: 60
535088 -1 #SUP: 75
535089 -1 #SUP: 87
535090 -1 #SUP: 123
535091 -1 #SUP: 46
535092 -1 #SUP: 64
535094 -1 #SUP: 28
535095 -1 #SUP: 26
535096 -1 #SUP: 64
535097 -1 #SUP: 66
535098 -1 #SUP: 60
535099 -1 #SUP: 71
535100 -1 #SUP: 66
535101 -1 #SUP: 56
535102 -1 #SUP: 29
535103 -1 #SUP: 49
535104 -1 #SUP: 153
535105 -1 #SUP: 40
535106 -1 #SUP: 51
535107 -1 #SUP: 102
535108 -1 #SUP: 166
535109 -1 #SUP: 24
535110 -1 #SUP: 104
535111 -1 #SUP: 74
535112 -1 #SUP: 44
535113 -1 #SUP: 103
535114 -1 #SUP: 82
535116 -1 #SUP: 43
535117 -1 #SUP: 66
535118 -1 #SUP: 69
535119 -1 #SUP: 51
535120 -1 #SUP: 201
535121 -1 #SUP: 126
535122 -1 #SUP: 23
535123 -1 #SUP: 150
535124 -1 #SUP: 250
535125 -1 #SUP: 72
535126 -1 #SUP: 189
535127 -1 #SUP: 68
535128 -1 #SUP: 81
535129 -1 #SUP: 104
535130 -1 #SUP: 81
535131 -1 #SUP: 130
535132 -1 #SUP: 76
535133 -1 #SUP: 26
535134 -1 #SUP: 45
535135 -1 #SUP: 73
535136 -1 #SUP: 166
535137 -1 #SUP: 138
535138 -1 #SUP: 62
535139 -1 #SUP: 128
535140 -1 #SUP: 148
535141 -1 #SUP: 122
535142 -1 #SUP: 200
535143 -1 #SUP: 65
535144 -1 #SUP: 106
535145 -1 #SUP: 79
535146 -1 #SUP: 34
535147 -1 #SUP: 72
535148 -1 #SUP: 46
535149 -1 #SUP: 88
535150 -1 #SUP: 69
535151 -1 #SUP: 93
535157 -1 #SUP: 26
535160 -1 #SUP: 42
535161 -1 #SUP: 26
535162 -1 #SUP: 47
535163 -1 #SUP: 45
535166 -1 #SUP: 37
535184 -1 #SUP: 41
535187 -1 #SUP: 45
535188 -1 #SUP: 51
535191 -1 #SUP: 71
535195 -1 #SUP: 28
535196 -1 #SUP: 30
535202 -1 #SUP: 23
535204 -1 #SUP: 58
535207 -1 #SUP: 55
535208 -1 #SUP: 54
535211 -1 #SUP: 47
535258 -1 #SUP: 50
535260 -1 #SUP: 30
535263 -1 #SUP: 21
535266 -1 #SUP: 70
535267 -1 #SUP: 23
535268 -1 #SUP: 78
535269 -1 #SUP: 64
535271 -1 #SUP: 34
535272 -1 #SUP: 26
535276 -1 #SUP: 27
535278 -1 #SUP: 81
535280 -1 #SUP: 24
535281 -1 #SUP: 27
535292 -1 #SUP: 24
535297 -1 #SUP: 32
535299 -1 #SUP: 70
535301 -1 #SUP: 23
535329 -1 #SUP: 28
535344 -1 #SUP: 35
535345 -1 #SUP: 28
535346 -1 #SUP: 40
535347 -1 #SUP: 46
535352 -1 #SUP: 28
535357 -1 #SUP: 35
535364 -1 #SUP: 29
535367 -1 #SUP: 34
535368 -1 #SUP: 41
535371 -1 #SUP: 37
535380 -1 #SUP: 44
535382 -1 #SUP: 36
535384 -1 #SUP: 31
535385 -1 #SUP: 56
535389 -1 #SUP: 40
535390 -1 #SUP: 34
535397 -1 #SUP: 21
535401 -1 #SUP: 53
535403 -1 #SUP: 41
535404 -1 #SUP: 42
535407 -1 #SUP: 36
535408 -1 #SUP: 26
535416 -1 #SUP: 21
535426 -1 #SUP: 39
535437 -1 #SUP: 30
535438 -1 #SUP: 26
535439 -1 #SUP: 41
535445 -1 #SUP: 20
535503 -1 #SUP: 20
556113 -1 #SUP: 21
556114 -1 #SUP: 36
556116 -1 #SUP: 26
556120 -1 #SUP: 27
556248 -1 #SUP: 20
556966 -1 #SUP: 23
556972 -1 #SUP: 25
557025 -1 #SUP: 23
557026 -1 #SUP: 37
557038 -1 #SUP: 27
557043 -1 #SUP: 54
557044 -1 #SUP: 29
557047 -1 #SUP: 26
557048 -1 #SUP: 28
557051 -1 #SUP: 56
557055 -1 #SUP: 21
557056 -1 #SUP: 26
557075 -1 #SUP: 21
557141 -1 #SUP: 24
557591 -1 #SUP: 24
557595 -1 #SUP: 28
557605 -1 #SUP: 21
557606 -1 #SUP: 40
557609 -1 #SUP: 23
557701 -1 #SUP: 40
557758 -1 #SUP: 23
557781 -1 #SUP: 24
557806 -1 #SUP: 27
557807 -1 #SUP: 286
557808 -1 #SUP: 184
557811 -1 #SUP: 150
557830 -1 #SUP: 20
557834 -1 #SUP: 25
557852 -1 #SUP: 32
557855 -1 #SUP: 46
557856 -1 #SUP: 60
557859 -1 #SUP: 153
557860 -1 #SUP: 76
557862 -1 #SUP: 41
557863 -1 #SUP: 75
557865 -1 #SUP: 26
557872 -1 #SUP: 92
557873 -1 #SUP: 108
557875 -1 #SUP: 66
557876 -1 #SUP: 24
557877 -1 #SUP: 107
557878 -1 #SUP: 206
557879 -1 #SUP: 62
557881 -1 #SUP: 190
557882 -1 #SUP: 222
557885 -1 #SUP: 34
557886 -1 #SUP: 134
557889 -1 #SUP: 35
557890 -1 #SUP: 22
557893 -1 #SUP: 25
557894 -1 #SUP: 66
557895 -1 #SUP: 37
557897 -1 #SUP: 33
557934 -1 #SUP: 36
557935 -1 #SUP: 36
557940 -1 #SUP: 37
557942 -1 #SUP: 54
557956 -1 #SUP: 58
557958 -1 #SUP: 52
557961 -1 #SUP: 31
557970 -1 #SUP: 46
557971 -1 #SUP: 25
557979 -1 #SUP: 54
557981 -1 #SUP: 49
557985 -1 #SUP: 59
557988 -1 #SUP: 30
557990 -1 #SUP: 27
557992 -1 #SUP: 35
557993 -1 #SUP: 67
557994 -1 #SUP: 57
557995 -1 #SUP: 29
557997 -1 #SUP: 34
558005 -1 #SUP: 43
558006 -1 #SUP: 30
558036 -1 #SUP: 75
558038 -1 #SUP: 72
558039 -1 #SUP: 32
558875 -1 #SUP: 25
558876 -1 #SUP: 20
558878 -1 #SUP: 25
559044 -1 #SUP: 36
559047 -1 #SUP: 20
559048 -1 #SUP: 43
559067 -1 #SUP: 22
559077 -1 #SUP: 24
559358 -1 #SUP: 28
566245 -1 #SUP: 21
569441 -1 #SUP: 23
569454 -1 #SUP: 22
569459 -1 #SUP: 34
569460 -1 #SUP: 42
569461 -1 #SUP: 22
569463 -1 #SUP: 21
569464 -1 #SUP: 25
569469 -1 #SUP: 26
569492 -1 #SUP: 21
578074 -1 #SUP: 22
578275 -1 #SUP: 29
578277 -1 #SUP: 21
578284 -1 #SUP: 23
578290 -1 #SUP: 20
578291 -1 #SUP: 33
578299 -1 #SUP: 26
578301 -1 #SUP: 33
578367 -1 #SUP: 22
578661 -1 #SUP: 22
578693 -1 #SUP: 21
578694 -1 #SUP: 24
578715 -1 #SUP: 24
578724 -1 #SUP: 33
578729 -1 #SUP: 30
578772 -1 #SUP: 22
578816 -1 #SUP: 85
578817 -1 #SUP: 59
578818 -1 #SUP: 126
578824 -1 #SUP: 102
578825 -1 #SUP: 36
578826 -1 #SUP: 41
578827 -1 #SUP: 122
578829 -1 #SUP: 86
578839 -1 #SUP: 26
578840 -1 #SUP: 20
578842 -1 #SUP: 22
578843 -1 #SUP: 20
578844 -1 #SUP: 62
578846 -1 #SUP: 39
578847 -1 #SUP: 122
578849 -1 #SUP: 22
578851 -1 #SUP: 45
578852 -1 #SUP: 101
578853 -1 #SUP: 25
578854 -1 #SUP: 268
578856 -1 #SUP: 39
578857 -1 #SUP: 37
578858 -1 #SUP: 48
578859 -1 #SUP: 99
578860 -1 #SUP: 94
578861 -1 #SUP: 53
578862 -1 #SUP: 29
578863 -1 #SUP: 67
578864 -1 #SUP: 56
578866 -1 #SUP: 29
578867 -1 #SUP: 37
578868 -1 #SUP: 26
578869 -1 #SUP: 53
578870 -1 #SUP: 24
578871 -1 #SUP: 24
578883 -1 #SUP: 38
578884 -1 #SUP: 36
578885 -1 #SUP: 65
578886 -1 #SUP: 34
578889 -1 #SUP: 20
578899 -1 #SUP: 21
578928 -1 #SUP: 36
578929 -1 #SUP: 44
578930 -1 #SUP: 33
578936 -1 #SUP: 38
578938 -1 #SUP: 54
578939 -1 #SUP: 126
578940 -1 #SUP: 100
578941 -1 #SUP: 92
578942 -1 #SUP: 91
578943 -1 #SUP: 137
578944 -1 #SUP: 75
578945 -1 #SUP: 134
578946 -1 #SUP: 64
578947 -1 #SUP: 98
578948 -1 #SUP: 74
578949 -1 #SUP: 141
578950 -1 #SUP: 85
578951 -1 #SUP: 34
578952 -1 #SUP: 98
578953 -1 #SUP: 49
578954 -1 #SUP: 34
578955 -1 #SUP: 116
578957 -1 #SUP: 65
578958 -1 #SUP: 41
578960 -1 #SUP: 60
578961 -1 #SUP: 31
578962 -1 #SUP: 53
578966 -1 #SUP: 34
578967 -1 #SUP: 20
578968 -1 #SUP: 82
578969 -1 #SUP: 76
578970 -1 #SUP: 47
578971 -1 #SUP: 50
578973 -1 #SUP: 59
578974 -1 #SUP: 57
578976 -1 #SUP: 35
578977 -1 #SUP: 26
578980 -1 #SUP: 26
578983 -1 #SUP: 25
578984 -1 #SUP: 169
578985 -1 #SUP: 125
578987 -1 #SUP: 51
578988 -1 #SUP: 102
578989 -1 #SUP: 187
578990 -1 #SUP: 171
578991 -1 #SUP: 201
578992 -1 #SUP: 285
578993 -1 #SUP: 248
578994 -1 #SUP: 62
578995 -1 #SUP: 28
578996 -1 #SUP: 37
578997 -1 #SUP: 38
579000 -1 #SUP: 51
579001 -1 #SUP: 47
579002 -1 #SUP: 117
579003 -1 #SUP: 49
579004 -1 #SUP: 69
579005 -1 #SUP: 117
579006 -1 #SUP: 110
579007 -1 #SUP: 108
579008 -1 #SUP: 77
579010 -1 #SUP: 67
579012 -1 #SUP: 58
579014 -1 #SUP: 24
579015 -1 #SUP: 109
579016 -1 #SUP: 143
579017 -1 #SUP: 47
579018 -1 #SUP: 144
579020 -1 #SUP: 52
579021 -1 #SUP: 63
579023 -1 #SUP: 158
579024 -1 #SUP: 60
579025 -1 #SUP: 114
579026 -1 #SUP: 130
579027 -1 #SUP: 78
579028 -1 #SUP: 116
579029 -1 #SUP: 77
579030 -1 #SUP: 123
579031 -1 #SUP: 99
579032 -1 #SUP: 131
579033 -1 #SUP: 86
579035 -1 #SUP: 33
579036 -1 #SUP: 72
579037 -1 #SUP: 161
579038 -1 #SUP: 117
579040 -1 #SUP: 22
579041 -1 #SUP: 76
579042 -1 #SUP: 64
579043 -1 #SUP: 90
579044 -1 #SUP: 42
579045 -1 #SUP: 21
579047 -1 #SUP: 22
579050 -1 #SUP: 31
579060 -1 #SUP: 27
579061 -1 #SUP: 76
579062 -1 #SUP: 48
579063 -1 #SUP: 21
579071 -1 #SUP: 34
579072 -1 #SUP: 37
579073 -1 #SUP: 39
579078 -1 #SUP: 79
579079 -1 #SUP: 50
579080 -1 #SUP: 70
579081 -1 #SUP: 99
579082 -1 #SUP: 73
579083 -1 #SUP: 23
579084 -1 #SUP: 33
579087 -1 #SUP: 87
579088 -1 #SUP: 61
579090 -1 #SUP: 62
579091 -1 #SUP: 48
579092 -1 #SUP: 61
579094 -1 #SUP: 52
579097 -1 #SUP: 53
579098 -1 #SUP: 79
579099 -1 #SUP: 72
579101 -1 #SUP: 116
579102 -1 #SUP: 47
579103 -1 #SUP: 110
579104 -1 #SUP: 54
579105 -1 #SUP: 78
579106 -1 #SUP: 157
579107 -1 #SUP: 27
579108 -1 #SUP: 100
579109 -1 #SUP: 94
579110 -1 #SUP: 97
579111 -1 #SUP: 189
579112 -1 #SUP: 28
579113 -1 #SUP: 89
579114 -1 #SUP: 238
579115 -1 #SUP: 77
579116 -1 #SUP: 227
579117 -1 #SUP: 76
579118 -1 #SUP: 46
579119 -1 #SUP: 140
579120 -1 #SUP: 129
579121 -1 #SUP: 68
579123 -1 #SUP: 111
579124 -1 #SUP: 106
579126 -1 #SUP: 91
579127 -1 #SUP: 138
579128 -1 #SUP: 58
579131 -1 #SUP: 59
579134 -1 #SUP: 53
579136 -1 #SUP: 120
579137 -1 #SUP: 243
579138 -1 #SUP: 243
579139 -1 #SUP: 114
579141 -1 #SUP: 113
579142 -1 #SUP: 154
579143 -1 #SUP: 210
579144 -1 #SUP: 78
579145 -1 #SUP: 76
579146 -1 #SUP: 151
579147 -1 #SUP: 98
579148 -1 #SUP: 118
579149 -1 #SUP: 153
579150 -1 #SUP: 250
579151 -1 #SUP: 147
579152 -1 #SUP: 130
579153 -1 #SUP: 177
579154 -1 #SUP: 91
579155 -1 #SUP: 113
579156 -1 #SUP: 142
579157 -1 #SUP: 94
579159 -1 #SUP: 90
579160 -1 #SUP: 174
579161 -1 #SUP: 172
579162 -1 #SUP: 45
579163 -1 #SUP: 159
579164 -1 #SUP: 181
579165 -1 #SUP: 127
579166 -1 #SUP: 68
579167 -1 #SUP: 148
579168 -1 #SUP: 87
579169 -1 #SUP: 182
579170 -1 #SUP: 141
579171 -1 #SUP: 78
579172 -1 #SUP: 338
579173 -1 #SUP: 175
579174 -1 #SUP: 124
579175 -1 #SUP: 374
579176 -1 #SUP: 209
579177 -1 #SUP: 150
579178 -1 #SUP: 120
579179 -1 #SUP: 334
579180 -1 #SUP: 280
579181 -1 #SUP: 76
579182 -1 #SUP: 135
579183 -1 #SUP: 186
579184 -1 #SUP: 267
579185 -1 #SUP: 107
579186 -1 #SUP: 97
579187 -1 #SUP: 182
579188 -1 #SUP: 60
579189 -1 #SUP: 224
579190 -1 #SUP: 222
579191 -1 #SUP: 102
579192 -1 #SUP: 195
579193 -1 #SUP: 363
579194 -1 #SUP: 180
579195 -1 #SUP: 104
579196 -1 #SUP: 121
579197 -1 #SUP: 283
579198 -1 #SUP: 260
579199 -1 #SUP: 113
579200 -1 #SUP: 100
579201 -1 #SUP: 272
579202 -1 #SUP: 403
579203 -1 #SUP: 168
579204 -1 #SUP: 34
579205 -1 #SUP: 46
579206 -1 #SUP: 206
579207 -1 #SUP: 270
579208 -1 #SUP: 121
579209 -1 #SUP: 35
579210 -1 #SUP: 31
579211 -1 #SUP: 208
579212 -1 #SUP: 163
579213 -1 #SUP: 220
579214 -1 #SUP: 151
579215 -1 #SUP: 115
579216 -1 #SUP: 35
579217 -1 #SUP: 49
579218 -1 #SUP: 77
579219 -1 #SUP: 66
579220 -1 #SUP: 153
579221 -1 #SUP: 157
579222 -1 #SUP: 159
579223 -1 #SUP: 198
579224 -1 #SUP: 259
579225 -1 #SUP: 118
579226 -1 #SUP: 371
579227 -1 #SUP: 275
579228 -1 #SUP: 75
579229 -1 #SUP: 173
579230 -1 #SUP: 175
579231 -1 #SUP: 67
579232 -1 #SUP: 90
579233 -1 #SUP: 153
579234 -1 #SUP: 201
579235 -1 #SUP: 156
579236 -1 #SUP: 164
579237 -1 #SUP: 214
579238 -1 #SUP: 186
579239 -1 #SUP: 83
579240 -1 #SUP: 85
579241 -1 #SUP: 203
579242 -1 #SUP: 62
579243 -1 #SUP: 28
579244 -1 #SUP: 110
579245 -1 #SUP: 60
579246 -1 #SUP: 83
579247 -1 #SUP: 136
579248 -1 #SUP: 107
579249 -1 #SUP: 105
579250 -1 #SUP: 188
579252 -1 #SUP: 56
579253 -1 #SUP: 23
579254 -1 #SUP: 170
579255 -1 #SUP: 77
579256 -1 #SUP: 154
579257 -1 #SUP: 304
579258 -1 #SUP: 96
579260 -1 #SUP: 117
579261 -1 #SUP: 230
579262 -1 #SUP: 73
579263 -1 #SUP: 95
579264 -1 #SUP: 43
579265 -1 #SUP: 69
579266 -1 #SUP: 27
579268 -1 #SUP: 51
579270 -1 #SUP: 31
579271 -1 #SUP: 60
579272 -1 #SUP: 81
579273 -1 #SUP: 43
579275 -1 #SUP: 57
579277 -1 #SUP: 42
579278 -1 #SUP: 102
579279 -1 #SUP: 130
579280 -1 #SUP: 89
579282 -1 #SUP: 38
579283 -1 #SUP: 127
579284 -1 #SUP: 203
579285 -1 #SUP: 354
579286 -1 #SUP: 89
579287 -1 #SUP: 25
579288 -1 #SUP: 74
579289 -1 #SUP: 148
579290 -1 #SUP: 79
579291 -1 #SUP: 27
579293 -1 #SUP: 78
579294 -1 #SUP: 88
579318 -1 #SUP: 27
579320 -1 #SUP: 34
579321 -1 #SUP: 42
579322 -1 #SUP: 26
579323 -1 #SUP: 31
579324 -1 #SUP: 39
579325 -1 #SUP: 21
579326 -1 #SUP: 21
579393 -1 #SUP: 53
579394 -1 #SUP: 23
579400 -1 #SUP: 30
579401 -1 #SUP: 44
579403 -1 #SUP: 38
579404 -1 #SUP: 78
579405 -1 #SUP: 64
579406 -1 #SUP: 34
579407 -1 #SUP: 73
579408 -1 #SUP: 48
579410 -1 #SUP: 41
579424 -1 #SUP: 55
579425 -1 #SUP: 59
579436 -1 #SUP: 31
579440 -1 #SUP: 22
579443 -1 #SUP: 38
579444 -1 #SUP: 37
579445 -1 #SUP: 26
579446 -1 #SUP: 28
579472 -1 #SUP: 32
579473 -1 #SUP: 67
579474 -1 #SUP: 45
579475 -1 #SUP: 23
579484 -1 #SUP: 26
579485 -1 #SUP: 52
579490 -1 #SUP: 45
579491 -1 #SUP: 42
579492 -1 #SUP: 35
579495 -1 #SUP: 38
579496 -1 #SUP: 22
579500 -1 #SUP: 25
579840 -1 #SUP: 24
579843 -1 #SUP: 22
579845 -1 #SUP: 33
579847 -1 #SUP: 23
579873 -1 #SUP: 30
579882 -1 #SUP: 20
579883 -1 #SUP: 20
579885 -1 #SUP: 22
579888 -1 #SUP: 30
579895 -1 #SUP: 30
579896 -1 #SUP: 20
579899 -1 #SUP: 55
579900 -1 #SUP: 30
579902 -1 #SUP: 25
579903 -1 #SUP: 71
579904 -1 #SUP: 99
579905 -1 #SUP: 85
579906 -1 #SUP: 119
579907 -1 #SUP: 52
579909 -1 #SUP: 27
579910 -1 #SUP: 24
579912 -1 #SUP: 122
579913 -1 #SUP: 42
579914 -1 #SUP: 51
579916 -1 #SUP: 38
579917 -1 #SUP: 130
579918 -1 #SUP: 112
579919 -1 #SUP: 62
579920 -1 #SUP: 82
579921 -1 #SUP: 76
579922 -1 #SUP: 55
579924 -1 #SUP: 106
579925 -1 #SUP: 62
579928 -1 #SUP: 59
579930 -1 #SUP: 82
579931 -1 #SUP: 126
579932 -1 #SUP: 142
579933 -1 #SUP: 131
579934 -1 #SUP: 65
579935 -1 #SUP: 33
579936 -1 #SUP: 104
579937 -1 #SUP: 35
579938 -1 #SUP: 123
579939 -1 #SUP: 90
579940 -1 #SUP: 74
579941 -1 #SUP: 128
579942 -1 #SUP: 105
579943 -1 #SUP: 144
579944 -1 #SUP: 23
579945 -1 #SUP: 45
579946 -1 #SUP: 39
579947 -1 #SUP: 37
579948 -1 #SUP: 46
579949 -1 #SUP: 29
579950 -1 #SUP: 25
579951 -1 #SUP: 46
579957 -1 #SUP: 78
579961 -1 #SUP: 21
579967 -1 #SUP: 27
579978 -1 #SUP: 114
579981 -1 #SUP: 27
579984 -1 #SUP: 35
579985 -1 #SUP: 35
579989 -1 #SUP: 39
579990 -1 #SUP: 49
579992 -1 #SUP: 23
579994 -1 #SUP: 20
579997 -1 #SUP: 26
579998 -1 #SUP: 119
580015 -1 #SUP: 31
580016 -1 #SUP: 25
580018 -1 #SUP: 28
580021 -1 #SUP: 29
580023 -1 #SUP: 21
580027 -1 #SUP: 36
580032 -1 #SUP: 25
580033 -1 #SUP: 20
580034 -1 #SUP: 29
580035 -1 #SUP: 37
580036 -1 #SUP: 22
580037 -1 #SUP: 20
580038 -1 #SUP: 22
580039 -1 #SUP: 21
580063 -1 #SUP: 22
580087 -1 #SUP: 30
580090 -1 #SUP: 20
580101 -1 #SUP: 28
580155 -1 #SUP: 21
580156 -1 #SUP: 26
580176 -1 #SUP: 24
580179 -1 #SUP: 23
580467 -1 #SUP: 22
580469 -1 #SUP: 22
534054 -1 534233 -1 #SUP: 20
534141 -1 534142 -1 #SUP: 30
534142 -1 534141 -1 #SUP: 23
534159 -1 534160 -1 #SUP: 21
534159 -1 534167 -1 #SUP: 22
534164 -1 534166 -1 #SUP: 21
534164 -1 534167 -1 #SUP: 20
534166 -1 534167 -1 #SUP: 37
534167 -1 534160 -1 #SUP: 20
534167 -1 534163 -1 #SUP: 21
534167 -1 534164 -1 #SUP: 26
534167 -1 534166 -1 #SUP: 32
534167 -1 534167 -1 #SUP: 22
534170 -1 534166 -1 #SUP: 24
534170 -1 579941 -1 #SUP: 20
534182 -1 534185 -1 #SUP: 22
534185 -1 534868 -1 #SUP: 20
534186 -1 534166 -1 #SUP: 29
534186 -1 534868 -1 #SUP: 21
534186 -1 534871 -1 #SUP: 20
534186 -1 534872 -1 #SUP: 20
534192 -1 534205 -1 #SUP: 29
534193 -1 534192 -1 #SUP: 20
534193 -1 534205 -1 #SUP: 23
534194 -1 534205 -1 #SUP: 25
534200 -1 534205 -1 #SUP: 35
534205 -1 534204 -1 #SUP: 25
534205 -1 534209 -1 #SUP: 24
534205 -1 534216 -1 #SUP: 20
534205 -1 534221 -1 #SUP: 25
534208 -1 534209 -1 #SUP: 44
534208 -1 534846 -1 #SUP: 32
534208 -1 534847 -1 #SUP: 28
534209 -1 534208 -1 #SUP: 39
534209 -1 534216 -1 #SUP: 20
534209 -1 534221 -1 #SUP: 21
534209 -1 534847 -1 #SUP: 21
534212 -1 534208 -1 #SUP: 23
534212 -1 534213 -1 #SUP: 20
534212 -1 534216 -1 #SUP: 20
534213 -1 534212 -1 #SUP: 20
534213 -1 534265 -1 #SUP: 23
534213 -1 534838 -1 #SUP: 20
534213 -1 534841 -1 #SUP: 34
534213 -1 534842 -1 #SUP: 27
534215 -1 534212 -1 #SUP: 20
534215 -1 534216 -1 #SUP: 23
534216 -1 534204 -1 #SUP: 23
534216 -1 534212 -1 #SUP: 23
534216 -1 534215 -1 #SUP: 23
534216 -1 534217 -1 #SUP: 22
534216 -1 534219 -1 #SUP: 23
534216 -1 534221 -1 #SUP: 30
534216 -1 534222 -1 #SUP: 26
534217 -1 534216 -1 #SUP: 27
534217 -1 534261 -1 #SUP: 20
534221 -1 534216 -1 #SUP: 26
534221 -1 534217 -1 #SUP: 20
534221 -1 534222 -1 #SUP: 26
534222 -1 534208 -1 #SUP: 50
534222 -1 534209 -1 #SUP: 27
534222 -1 534846 -1 #SUP: 24
534222 -1 534847 -1 #SUP: 29
534223 -1 534222 -1 #SUP: 22
534224 -1 534222 -1 #SUP: 21
534233 -1 534232 -1 #SUP: 27
534240 -1 534261 -1 #SUP: 25
534243 -1 534240 -1 #SUP: 24
534243 -1 534261 -1 #SUP: 23
534244 -1 534243 -1 #SUP: 24
534259 -1 534254 -1 #SUP: 24
534259 -1 534260 -1 #SUP: 23
534260 -1 534254 -1 #SUP: 20
534260 -1 534259 -1 #SUP: 28
534260 -1 534330 -1 #SUP: 24
534261 -1 534216 -1 #SUP: 23
534261 -1 534217 -1 #SUP: 21
534261 -1 534260 -1 #SUP: 22
534261 -1 534265 -1 #SUP: 33
534262 -1 534265 -1 #SUP: 21
534265 -1 534212 -1 #SUP: 21
534265 -1 534213 -1 #SUP: 20
534265 -1 534264 -1 #SUP: 21
534265 -1 534841 -1 #SUP: 26
534265 -1 534842 -1 #SUP: 22
534271 -1 534786 -1 #SUP: 20
534273 -1 534279 -1 #SUP: 21
534274 -1 534273 -1 #SUP: 25
534276 -1 534278 -1 #SUP: 22
534276 -1 534279 -1 #SUP: 37
534278 -1 534273 -1 #SUP: 21
534278 -1 534274 -1 #SUP: 24
534278 -1 534276 -1 #SUP: 21
534278 -1 534279 -1 #SUP: 35
534278 -1 534281 -1 #SUP: 23
534278 -1 534282 -1 #SUP: 23
534279 -1 534273 -1 #SUP: 27
534279 -1 534274 -1 #SUP: 29
534279 -1 534276 -1 #SUP: 20
534279 -1 534278 -1 #SUP: 27
534279 -1 534282 -1 #SUP: 21
534281 -1 534278 -1 #SUP: 63
534281 -1 534282 -1 #SUP: 20
534282 -1 534278 -1 #SUP: 45
534282 -1 534281 -1 #SUP: 32
534282 -1 534284 -1 #SUP: 30
534282 -1 534323 -1 #SUP: 24
534283 -1 534282 -1 #SUP: 27
534283 -1 534284 -1 #SUP: 23
534284 -1 534278 -1 #SUP: 21
534284 -1 534282 -1 #SUP: 35
534284 -1 534283 -1 #SUP: 32
534284 -1 534284 -1 #SUP: 20
534284 -1 534285 -1 #SUP: 20
534284 -1 534287 -1 #SUP: 22
534284 -1 534289 -1 #SUP: 25
534284 -1 534323 -1 #SUP: 33
534284 -1 534324 -1 #SUP: 23
534284 -1 534771 -1 #SUP: 30
534284 -1 534772 -1 #SUP: 25
534287 -1 534282 -1 #SUP: 27
534287 -1 534283 -1 #SUP: 20
534287 -1 534284 -1 #SUP: 37
534287 -1 534771 -1 #SUP: 21
534323 -1 534320 -1 #SUP: 20
534323 -1 534324 -1 #SUP: 22
534323 -1 534327 -1 #SUP: 27
534324 -1 534282 -1 #SUP: 20
534324 -1 534284 -1 #SUP: 20
534324 -1 534323 -1 #SUP: 34
534327 -1 534323 -1 #SUP: 26
534327 -1 534324 -1 #SUP: 21
534329 -1 534327 -1 #SUP: 44
534330 -1 534327 -1 #SUP: 30
534330 -1 534329 -1 #SUP: 30
534341 -1 534320 -1 #SUP: 23
534343 -1 534341 -1 #SUP: 24
534491 -1 534500 -1 #SUP: 21
534690 -1 534695 -1 #SUP: 22
534695 -1 534690 -1 #SUP: 20
534704 -1 534707 -1 #SUP: 34
534704 -1 535024 -1 #SUP: 20
534707 -1 534690 -1 #SUP: 20
534707 -1 534695 -1 #SUP: 20
534707 -1 534704 -1 #SUP: 29
534707 -1 534710 -1 #SUP: 24
534707 -1 534713 -1 #SUP: 20
534707 -1 535024 -1 #SUP: 23
534710 -1 534713 -1 #SUP: 20
534724 -1 534810 -1 #SUP: 21
534725 -1 534724 -1 #SUP: 20
534731 -1 534810 -1 #SUP: 20
534768 -1 534284 -1 #SUP: 30
534768 -1 534287 -1 #SUP: 25
534771 -1 534284 -1 #SUP: 27
534771 -1 534287 -1 #SUP: 32
534771 -1 534768 -1 #SUP: 22
534771 -1 534772 -1 #SUP: 28
534771 -1 534773 -1 #SUP: 21
534772 -1 534284 -1 #SUP: 24
534772 -1 534287 -1 #SUP: 28
534772 -1 534771 -1 #SUP: 22
534786 -1 534791 -1 #SUP: 27
534790 -1 534838 -1 #SUP: 21
534791 -1 534795 -1 #SUP: 20
534794 -1 534837 -1 #SUP: 20
534795 -1 534814 -1 #SUP: 20
534807 -1 534810 -1 #SUP: 28
534808 -1 534807 -1 #SUP: 20
534808 -1 534810 -1 #SUP: 28
534810 -1 534724 -1 #SUP: 20
534810 -1 534810 -1 #SUP: 25
534810 -1 534820 -1 #SUP: 22
534810 -1 534821 -1 #SUP: 45
534816 -1 534819 -1 #SUP: 26
534816 -1 534820 -1 #SUP: 25
534816 -1 534837 -1 #SUP: 29
534816 -1 534838 -1 #SUP: 30
534816 -1 534841 -1 #SUP: 23
534819 -1 534816 -1 #SUP: 24
534819 -1 534820 -1 #SUP: 26
534819 -1 534821 -1 #SUP: 28
534819 -1 534837 -1 #SUP: 32
534819 -1 534838 -1 #SUP: 22
534819 -1 534841 -1 #SUP: 24
534820 -1 534816 -1 #SUP: 22
534820 -1 534819 -1 #SUP: 29
534820 -1 534821 -1 #SUP: 48
534820 -1 534837 -1 #SUP: 36
534820 -1 534838 -1 #SUP: 23
534820 -1 534841 -1 #SUP: 26
534821 -1 534810 -1 #SUP: 37
534821 -1 534816 -1 #SUP: 27
534821 -1 534819 -1 #SUP: 31
534821 -1 534820 -1 #SUP: 40
534821 -1 534837 -1 #SUP: 31
534821 -1 534838 -1 #SUP: 26
534821 -1 534841 -1 #SUP: 20
534821 -1 535002 -1 #SUP: 22
534832 -1 534833 -1 #SUP: 30
534832 -1 534839 -1 #SUP: 23
534833 -1 534832 -1 #SUP: 33
534833 -1 534839 -1 #SUP: 22
534833 -1 534846 -1 #SUP: 33
534833 -1 534847 -1 #SUP: 23
534837 -1 534816 -1 #SUP: 28
534837 -1 534819 -1 #SUP: 27
534837 -1 534820 -1 #SUP: 30
534837 -1 534821 -1 #SUP: 24
534837 -1 534838 -1 #SUP: 48
534837 -1 534841 -1 #SUP: 41
534837 -1 534842 -1 #SUP: 26
534838 -1 534816 -1 #SUP: 30
534838 -1 534819 -1 #SUP: 24
534838 -1 534820 -1 #SUP: 21
534838 -1 534837 -1 #SUP: 34
534838 -1 534839 -1 #SUP: 28
534838 -1 534841 -1 #SUP: 48
534839 -1 534836 -1 #SUP: 21
534839 -1 534837 -1 #SUP: 21
534841 -1 534213 -1 #SUP: 24
534841 -1 534816 -1 #SUP: 23
534841 -1 534819 -1 #SUP: 20
534841 -1 534837 -1 #SUP: 22
534841 -1 534838 -1 #SUP: 36
534841 -1 534842 -1 #SUP: 31
534842 -1 534213 -1 #SUP: 21
534842 -1 534837 -1 #SUP: 26
534842 -1 534838 -1 #SUP: 23
534842 -1 534841 -1 #SUP: 39
534843 -1 534212 -1 #SUP: 23
534846 -1 534208 -1 #SUP: 25
534846 -1 534209 -1 #SUP: 20
534846 -1 534832 -1 #SUP: 20
534846 -1 534833 -1 #SUP: 40
534846 -1 534847 -1 #SUP: 36
534847 -1 534208 -1 #SUP: 40
534847 -1 534209 -1 #SUP: 29
534847 -1 534212 -1 #SUP: 24
534847 -1 534833 -1 #SUP: 25
534847 -1 534846 -1 #SUP: 28
534847 -1 534848 -1 #SUP: 26
534847 -1 534861 -1 #SUP: 28
534848 -1 534205 -1 #SUP: 20
534848 -1 534861 -1 #SUP: 23
534859 -1 534856 -1 #SUP: 20
534861 -1 534193 -1 #SUP: 20
534867 -1 534205 -1 #SUP: 31
534867 -1 534871 -1 #SUP: 20
534868 -1 534205 -1 #SUP: 21
534868 -1 534871 -1 #SUP: 35
534868 -1 534872 -1 #SUP: 25
534870 -1 534871 -1 #SUP: 34
534870 -1 579241 -1 #SUP: 20
534871 -1 534186 -1 #SUP: 31
534871 -1 534867 -1 #SUP: 24
534871 -1 534868 -1 #SUP: 25
534871 -1 534871 -1 #SUP: 23
534871 -1 534872 -1 #SUP: 39
534871 -1 534873 -1 #SUP: 20
534871 -1 579238 -1 #SUP: 27
534872 -1 534860 -1 #SUP: 20
534872 -1 534871 -1 #SUP: 55
534872 -1 534875 -1 #SUP: 27
534872 -1 534884 -1 #SUP: 26
534872 -1 579238 -1 #SUP: 23
534873 -1 534871 -1 #SUP: 22
534873 -1 534872 -1 #SUP: 21
534873 -1 579237 -1 #SUP: 20
534873 -1 579238 -1 #SUP: 20
534874 -1 579226 -1 #SUP: 20
534874 -1 579237 -1 #SUP: 27
534875 -1 534872 -1 #SUP: 35
534875 -1 534884 -1 #SUP: 34
534875 -1 534887 -1 #SUP: 21
534876 -1 534879 -1 #SUP: 27
534876 -1 534884 -1 #SUP: 32
534876 -1 579226 -1 #SUP: 20
534877 -1 534872 -1 #SUP: 27
534879 -1 579226 -1 #SUP: 20
534883 -1 534884 -1 #SUP: 26
534884 -1 534871 -1 #SUP: 22
534884 -1 534872 -1 #SUP: 39
534884 -1 534875 -1 #SUP: 34
534884 -1 534876 -1 #SUP: 21
534884 -1 534884 -1 #SUP: 22
534884 -1 534887 -1 #SUP: 30
534884 -1 534888 -1 #SUP: 20
534884 -1 534891 -1 #SUP: 24
534884 -1 579179 -1 #SUP: 21
534884 -1 579226 -1 #SUP: 31
534885 -1 534884 -1 #SUP: 22
534885 -1 579226 -1 #SUP: 34
534886 -1 534887 -1 #SUP: 23
534887 -1 534872 -1 #SUP: 20
534887 -1 534884 -1 #SUP: 33
534887 -1 534891 -1 #SUP: 22
534888 -1 534891 -1 #SUP: 25
534891 -1 534887 -1 #SUP: 22
534891 -1 534890 -1 #SUP: 27
534891 -1 534935 -1 #SUP: 22
534891 -1 579179 -1 #SUP: 21
534891 -1 579180 -1 #SUP: 22
534916 -1 534921 -1 #SUP: 21
534917 -1 534916 -1 #SUP: 21
534917 -1 534994 -1 #SUP: 20
534921 -1 534916 -1 #SUP: 21
534921 -1 534917 -1 #SUP: 23
534921 -1 534966 -1 #SUP: 23
534930 -1 534941 -1 #SUP: 21
534931 -1 534930 -1 #SUP: 20
534935 -1 534891 -1 #SUP: 21
534935 -1 534936 -1 #SUP: 26
534936 -1 534935 -1 #SUP: 20
534936 -1 534941 -1 #SUP: 23
534938 -1 534936 -1 #SUP: 22
534941 -1 534947 -1 #SUP: 25
534944 -1 534921 -1 #SUP: 21
534947 -1 534921 -1 #SUP: 21
534947 -1 534944 -1 #SUP: 20
534947 -1 534948 -1 #SUP: 20
534947 -1 534957 -1 #SUP: 21
534948 -1 534947 -1 #SUP: 22
534948 -1 534949 -1 #SUP: 25
534948 -1 534950 -1 #SUP: 25
534949 -1 534950 -1 #SUP: 31
534950 -1 534949 -1 #SUP: 21
534950 -1 534953 -1 #SUP: 29
534950 -1 579172 -1 #SUP: 23
534950 -1 579175 -1 #SUP: 24
534952 -1 534948 -1 #SUP: 21
534952 -1 534955 -1 #SUP: 21
534952 -1 534957 -1 #SUP: 20
534954 -1 534953 -1 #SUP: 23
534955 -1 534952 -1 #SUP: 26
534955 -1 534957 -1 #SUP: 22
534955 -1 535124 -1 #SUP: 21
534957 -1 534958 -1 #SUP: 20
534958 -1 534947 -1 #SUP: 20
534958 -1 534963 -1 #SUP: 21
534959 -1 534958 -1 #SUP: 24
534962 -1 534921 -1 #SUP: 20
534971 -1 534972 -1 #SUP: 21
534972 -1 534960 -1 #SUP: 22
534972 -1 534961 -1 #SUP: 20
534977 -1 534972 -1 #SUP: 24
534978 -1 534972 -1 #SUP: 22
534978 -1 534977 -1 #SUP: 25
534978 -1 535030 -1 #SUP: 22
534988 -1 534993 -1 #SUP: 21
534993 -1 534994 -1 #SUP: 32
534995 -1 535002 -1 #SUP: 26
535000 -1 534821 -1 #SUP: 23
535000 -1 535002 -1 #SUP: 22
535002 -1 534810 -1 #SUP: 37
535002 -1 534820 -1 #SUP: 28
535002 -1 534821 -1 #SUP: 47
535003 -1 534810 -1 #SUP: 20
535003 -1 534821 -1 #SUP: 29
535003 -1 535002 -1 #SUP: 22
535004 -1 534821 -1 #SUP: 26
535024 -1 534704 -1 #SUP: 23
535024 -1 534707 -1 #SUP: 28
535028 -1 535024 -1 #SUP: 20
535030 -1 534707 -1 #SUP: 20
535030 -1 535024 -1 #SUP: 21
535030 -1 535027 -1 #SUP: 20
535033 -1 535034 -1 #SUP: 20
535041 -1 535040 -1 #SUP: 20
535041 -1 535042 -1 #SUP: 23
535042 -1 535041 -1 #SUP: 23
535120 -1 535121 -1 #SUP: 23
535120 -1 535123 -1 #SUP: 21
535120 -1 535124 -1 #SUP: 24
535121 -1 535120 -1 #SUP: 23
535123 -1 535124 -1 #SUP: 22
535124 -1 534955 -1 #SUP: 26
535124 -1 534972 -1 #SUP: 21
535126 -1 534954 -1 #SUP: 22
535126 -1 535124 -1 #SUP: 25
535129 -1 535126 -1 #SUP: 21
535136 -1 535137 -1 #SUP: 26
535137 -1 535136 -1 #SUP: 23
535140 -1 535142 -1 #SUP: 26
535141 -1 535130 -1 #SUP: 22
535141 -1 535142 -1 #SUP: 26
535142 -1 535141 -1 #SUP: 25
535145 -1 535142 -1 #SUP: 24
557807 -1 557807 -1 #SUP: 33
557807 -1 557808 -1 #SUP: 55
557807 -1 557811 -1 #SUP: 24
557807 -1 557872 -1 #SUP: 22
557807 -1 557875 -1 #SUP: 21
557807 -1 557878 -1 #SUP: 40
557807 -1 557881 -1 #SUP: 31
557807 -1 557882 -1 #SUP: 48
557807 -1 557886 -1 #SUP: 26
557808 -1 557807 -1 #SUP: 47
557808 -1 557811 -1 #SUP: 46
557808 -1 557878 -1 #SUP: 23
557808 -1 557881 -1 #SUP: 20
557808 -1 557882 -1 #SUP: 28
557811 -1 557807 -1 #SUP: 40
557811 -1 557878 -1 #SUP: 28
557811 -1 557881 -1 #SUP: 25
557811 -1 557882 -1 #SUP: 20
557856 -1 557807 -1 #SUP: 23
557859 -1 557807 -1 #SUP: 40
557859 -1 557808 -1 #SUP: 26
557859 -1 557811 -1 #SUP: 29
557859 -1 557878 -1 #SUP: 20
557860 -1 557807 -1 #SUP: 29
557860 -1 557808 -1 #SUP: 25
557860 -1 557859 -1 #SUP: 20
557872 -1 557886 -1 #SUP: 25
557873 -1 557878 -1 #SUP: 28
557873 -1 557886 -1 #SUP: 51
557877 -1 557807 -1 #SUP: 21
557877 -1 557808 -1 #SUP: 24
557877 -1 557878 -1 #SUP: 25
557877 -1 557882 -1 #SUP: 20
557878 -1 557807 -1 #SUP: 29
557878 -1 557872 -1 #SUP: 20
557878 -1 557877 -1 #SUP: 20
557878 -1 557881 -1 #SUP: 33
557878 -1 557882 -1 #SUP: 25
557878 -1 557886 -1 #SUP: 22
557879 -1 557878 -1 #SUP: 22
557881 -1 557807 -1 #SUP: 35
557881 -1 557808 -1 #SUP: 21
557881 -1 557882 -1 #SUP: 38
557882 -1 557807 -1 #SUP: 71
557882 -1 557808 -1 #SUP: 38
557882 -1 557811 -1 #SUP: 23
557882 -1 557878 -1 #SUP: 27
557882 -1 557881 -1 #SUP: 27
557885 -1 557886 -1 #SUP: 28
578847 -1 578854 -1 #SUP: 23
578854 -1 578852 -1 #SUP: 20
578854 -1 579032 -1 #SUP: 20
578860 -1 578939 -1 #SUP: 20
578939 -1 578940 -1 #SUP: 20
578939 -1 578941 -1 #SUP: 20
578939 -1 578943 -1 #SUP: 26
578940 -1 578943 -1 #SUP: 22
578941 -1 578942 -1 #SUP: 20
578942 -1 578941 -1 #SUP: 20
578943 -1 578940 -1 #SUP: 21
578984 -1 578989 -1 #SUP: 25
578988 -1 578991 -1 #SUP: 20
578989 -1 578992 -1 #SUP: 21
578990 -1 578989 -1 #SUP: 21
578991 -1 578990 -1 #SUP: 26
578991 -1 578992 -1 #SUP: 22
578991 -1 579150 -1 #SUP: 22
578992 -1 578991 -1 #SUP: 32
578992 -1 578993 -1 #SUP: 34
578992 -1 579150 -1 #SUP: 29
578992 -1 579152 -1 #SUP: 25
578993 -1 578992 -1 #SUP: 33
578993 -1 579137 -1 #SUP: 22
578993 -1 579150 -1 #SUP: 42
579025 -1 579023 -1 #SUP: 22
579030 -1 578854 -1 #SUP: 20
579032 -1 579037 -1 #SUP: 25
579037 -1 579026 -1 #SUP: 22
579037 -1 579032 -1 #SUP: 20
579037 -1 579038 -1 #SUP: 22
579038 -1 579037 -1 #SUP: 22
579061 -1 579018 -1 #SUP: 23
579081 -1 579078 -1 #SUP: 20
579081 -1 579080 -1 #SUP: 20
579108 -1 579101 -1 #SUP: 20
579111 -1 579114 -1 #SUP: 24
579111 -1 579285 -1 #SUP: 22
579113 -1 579114 -1 #SUP: 24
579113 -1 579285 -1 #SUP: 21
579114 -1 579116 -1 #SUP: 24
579114 -1 579200 -1 #SUP: 20
579114 -1 579285 -1 #SUP: 49
579116 -1 579114 -1 #SUP: 21
579116 -1 579117 -1 #SUP: 23
579116 -1 579119 -1 #SUP: 28
579116 -1 579196 -1 #SUP: 22
579116 -1 579197 -1 #SUP: 23
579116 -1 579285 -1 #SUP: 24
579119 -1 579116 -1 #SUP: 21
579119 -1 579194 -1 #SUP: 25
579120 -1 579193 -1 #SUP: 20
579136 -1 579138 -1 #SUP: 22
579137 -1 579138 -1 #SUP: 30
579137 -1 579150 -1 #SUP: 25
579137 -1 579193 -1 #SUP: 27
579138 -1 579137 -1 #SUP: 32
579138 -1 579143 -1 #SUP: 23
579138 -1 579193 -1 #SUP: 25
579139 -1 579138 -1 #SUP: 24
579142 -1 579193 -1 #SUP: 24
579143 -1 579138 -1 #SUP: 36
579143 -1 579150 -1 #SUP: 20
579143 -1 579193 -1 #SUP: 22
579143 -1 579197 -1 #SUP: 21
579146 -1 579172 -1 #SUP: 20
579148 -1 579153 -1 #SUP: 20
579149 -1 579148 -1 #SUP: 23
579150 -1 578993 -1 #SUP: 20
579150 -1 579137 -1 #SUP: 30
579150 -1 579138 -1 #SUP: 28
579150 -1 579149 -1 #SUP: 20
579150 -1 579193 -1 #SUP: 26
579152 -1 578991 -1 #SUP: 23
579155 -1 578991 -1 #SUP: 22
579155 -1 579152 -1 #SUP: 21
579160 -1 579161 -1 #SUP: 29
579163 -1 579160 -1 #SUP: 21
579163 -1 579161 -1 #SUP: 21
579163 -1 579172 -1 #SUP: 21
579164 -1 579167 -1 #SUP: 23
579164 -1 579172 -1 #SUP: 35
579164 -1 579173 -1 #SUP: 20
579167 -1 579164 -1 #SUP: 31
579167 -1 579172 -1 #SUP: 26
579169 -1 579175 -1 #SUP: 25
579169 -1 579190 -1 #SUP: 22
579170 -1 579172 -1 #SUP: 20
579170 -1 579175 -1 #SUP: 30
579172 -1 534936 -1 #SUP: 21
579172 -1 534941 -1 #SUP: 20
579172 -1 579164 -1 #SUP: 29
579172 -1 579167 -1 #SUP: 20
579172 -1 579173 -1 #SUP: 23
579172 -1 579175 -1 #SUP: 48
579173 -1 534936 -1 #SUP: 20
579173 -1 534950 -1 #SUP: 20
579173 -1 579172 -1 #SUP: 21
579174 -1 579175 -1 #SUP: 21
579174 -1 579177 -1 #SUP: 20
579175 -1 579160 -1 #SUP: 20
579175 -1 579169 -1 #SUP: 25
579175 -1 579170 -1 #SUP: 24
579175 -1 579172 -1 #SUP: 43
579175 -1 579175 -1 #SUP: 20
579175 -1 579176 -1 #SUP: 34
579175 -1 579177 -1 #SUP: 23
579175 -1 579179 -1 #SUP: 31
579175 -1 579180 -1 #SUP: 22
579175 -1 579189 -1 #SUP: 28
579175 -1 579220 -1 #SUP: 20
579175 -1 579223 -1 #SUP: 23
579176 -1 579175 -1 #SUP: 33
579176 -1 579179 -1 #SUP: 30
579176 -1 579180 -1 #SUP: 20
579177 -1 579175 -1 #SUP: 22
579179 -1 579172 -1 #SUP: 22
579179 -1 579175 -1 #SUP: 35
579179 -1 579180 -1 #SUP: 55
579179 -1 579183 -1 #SUP: 31
579179 -1 579184 -1 #SUP: 35
579179 -1 579220 -1 #SUP: 20
579179 -1 579223 -1 #SUP: 29
579179 -1 579224 -1 #SUP: 23
579180 -1 579179 -1 #SUP: 39
579180 -1 579183 -1 #SUP: 53
579180 -1 579184 -1 #SUP: 46
579180 -1 579187 -1 #SUP: 25
579180 -1 579183 -1 579184 -1 #SUP: 22
579182 -1 579180 -1 #SUP: 21
579183 -1 579180 -1 #SUP: 33
579183 -1 579184 -1 #SUP: 41
579184 -1 579179 -1 #SUP: 29
579184 -1 579180 -1 #SUP: 34
579184 -1 579183 -1 #SUP: 22
579184 -1 579185 -1 #SUP: 22
579184 -1 579187 -1 #SUP: 28
579184 -1 579197 -1 #SUP: 22
579184 -1 579198 -1 #SUP: 22
579184 -1 579215 -1 #SUP: 21
579187 -1 579180 -1 #SUP: 22
579187 -1 579184 -1 #SUP: 23
579187 -1 579190 -1 #SUP: 21
579189 -1 579169 -1 #SUP: 27
579189 -1 579175 -1 #SUP: 32
579189 -1 579190 -1 #SUP: 32
579189 -1 579193 -1 #SUP: 20
579190 -1 579169 -1 #SUP: 22
579190 -1 579175 -1 #SUP: 21
579190 -1 579189 -1 #SUP: 32
579190 -1 579193 -1 #SUP: 26
579192 -1 579193 -1 #SUP: 27
579192 -1 579197 -1 #SUP: 20
579192 -1 579198 -1 #SUP: 20
579193 -1 579120 -1 #SUP: 28
579193 -1 579123 -1 #SUP: 23
579193 -1 579138 -1 #SUP: 27
579193 -1 579141 -1 #SUP: 22
579193 -1 579142 -1 #SUP: 25
579193 -1 579143 -1 #SUP: 23
579193 -1 579150 -1 #SUP: 20
579193 -1 579175 -1 #SUP: 23
579193 -1 579189 -1 #SUP: 28
579193 -1 579190 -1 #SUP: 36
579193 -1 579192 -1 #SUP: 25
579193 -1 579194 -1 #SUP: 32
579193 -1 579197 -1 #SUP: 33
579193 -1 579198 -1 #SUP: 30
579193 -1 579201 -1 #SUP: 22
579193 -1 579202 -1 #SUP: 24
579194 -1 579193 -1 #SUP: 24
579194 -1 579195 -1 #SUP: 23
579197 -1 579150 -1 #SUP: 20
579197 -1 579184 -1 #SUP: 24
579197 -1 579193 -1 #SUP: 37
579197 -1 579198 -1 #SUP: 30
579197 -1 579201 -1 #SUP: 21
579197 -1 579202 -1 #SUP: 29
579198 -1 579193 -1 #SUP: 24
579198 -1 579197 -1 #SUP: 32
579198 -1 579201 -1 #SUP: 34
579198 -1 579202 -1 #SUP: 35
579198 -1 579214 -1 #SUP: 28
579199 -1 579114 -1 #SUP: 20
579200 -1 579201 -1 #SUP: 20
579201 -1 579114 -1 #SUP: 20
579201 -1 579192 -1 #SUP: 21
579201 -1 579193 -1 #SUP: 33
579201 -1 579197 -1 #SUP: 26
579201 -1 579198 -1 #SUP: 32
579201 -1 579200 -1 #SUP: 20
579201 -1 579202 -1 #SUP: 38
579201 -1 579214 -1 #SUP: 24
579201 -1 579285 -1 #SUP: 20
579202 -1 579114 -1 #SUP: 22
579202 -1 579193 -1 #SUP: 28
579202 -1 579197 -1 #SUP: 30
579202 -1 579198 -1 #SUP: 22
579202 -1 579201 -1 #SUP: 39
579202 -1 579202 -1 #SUP: 31
579202 -1 579203 -1 #SUP: 26
579202 -1 579206 -1 #SUP: 23
579202 -1 579207 -1 #SUP: 30
579202 -1 579211 -1 #SUP: 20
579202 -1 579212 -1 #SUP: 24
579202 -1 579213 -1 #SUP: 50
579202 -1 579214 -1 #SUP: 24
579202 -1 579257 -1 #SUP: 23
579202 -1 579284 -1 #SUP: 30
579202 -1 579285 -1 #SUP: 45
579203 -1 579202 -1 #SUP: 28
579203 -1 579285 -1 #SUP: 34
579206 -1 579202 -1 #SUP: 26
579206 -1 579207 -1 #SUP: 45
579206 -1 579257 -1 #SUP: 21
579207 -1 579197 -1 #SUP: 22
579207 -1 579201 -1 #SUP: 22
579207 -1 579202 -1 #SUP: 44
579207 -1 579206 -1 #SUP: 26
579207 -1 579208 -1 #SUP: 25
579207 -1 579213 -1 #SUP: 21
579207 -1 579285 -1 #SUP: 21
579211 -1 579202 -1 #SUP: 25
579211 -1 579213 -1 #SUP: 34
579211 -1 579230 -1 #SUP: 20
579212 -1 579184 -1 #SUP: 21
579212 -1 579211 -1 #SUP: 22
579212 -1 579230 -1 #SUP: 23
579213 -1 579202 -1 #SUP: 25
579213 -1 579207 -1 #SUP: 20
579214 -1 579202 -1 #SUP: 24
579215 -1 579184 -1 #SUP: 20
579220 -1 579223 -1 #SUP: 25
579221 -1 579179 -1 #SUP: 25
579221 -1 579180 -1 #SUP: 21
579222 -1 579221 -1 #SUP: 30
579222 -1 579225 -1 #SUP: 21
579222 -1 579226 -1 #SUP: 30
579223 -1 579179 -1 #SUP: 22
579223 -1 579224 -1 #SUP: 20
579223 -1 579226 -1 #SUP: 25
579224 -1 579179 -1 #SUP: 23
579224 -1 579180 -1 #SUP: 20
579224 -1 579223 -1 #SUP: 22
579224 -1 579226 -1 #SUP: 29
579224 -1 579227 -1 #SUP: 31
579225 -1 579222 -1 #SUP: 22
579225 -1 579226 -1 #SUP: 28
579226 -1 534872 -1 #SUP: 22
579226 -1 534876 -1 #SUP: 33
579226 -1 534879 -1 #SUP: 21
579226 -1 534884 -1 #SUP: 43
579226 -1 534885 -1 #SUP: 25
579226 -1 534887 -1 #SUP: 24
579226 -1 579211 -1 #SUP: 22
579226 -1 579222 -1 #SUP: 26
579226 -1 579225 -1 #SUP: 29
579226 -1 579227 -1 #SUP: 46
579226 -1 579237 -1 #SUP: 38
579227 -1 579224 -1 #SUP: 33
579227 -1 579226 -1 #SUP: 36
579227 -1 579236 -1 #SUP: 22
579227 -1 579237 -1 #SUP: 20
579229 -1 579226 -1 #SUP: 27
579230 -1 579211 -1 #SUP: 23
579230 -1 579226 -1 #SUP: 25
579230 -1 579229 -1 #SUP: 26
579234 -1 534870 -1 #SUP: 21
579234 -1 534871 -1 #SUP: 27
579234 -1 579238 -1 #SUP: 31
579234 -1 579241 -1 #SUP: 29
579235 -1 579227 -1 #SUP: 21
579235 -1 579236 -1 #SUP: 21
579237 -1 534872 -1 #SUP: 22
579237 -1 534873 -1 #SUP: 21
579237 -1 534874 -1 #SUP: 26
579237 -1 579226 -1 #SUP: 31
579238 -1 534871 -1 #SUP: 25
579238 -1 534873 -1 #SUP: 23
579238 -1 579237 -1 #SUP: 26
579239 -1 579238 -1 #SUP: 23
579241 -1 534870 -1 #SUP: 21
579241 -1 534871 -1 #SUP: 29
579241 -1 579238 -1 #SUP: 23
579248 -1 579250 -1 #SUP: 23
579250 -1 579261 -1 #SUP: 28
579254 -1 579257 -1 #SUP: 32
579256 -1 579257 -1 #SUP: 29
579257 -1 579201 -1 #SUP: 25
579257 -1 579202 -1 #SUP: 39
579257 -1 579206 -1 #SUP: 37
579257 -1 579207 -1 #SUP: 40
579257 -1 579234 -1 #SUP: 23
579257 -1 579254 -1 #SUP: 30
579257 -1 579256 -1 #SUP: 25
579257 -1 579257 -1 #SUP: 25
579257 -1 579258 -1 #SUP: 29
579257 -1 579261 -1 #SUP: 24
579258 -1 579257 -1 #SUP: 23
579260 -1 579261 -1 #SUP: 24
579261 -1 579202 -1 #SUP: 20
579261 -1 579257 -1 #SUP: 28
579279 -1 579257 -1 #SUP: 31
579283 -1 579284 -1 #SUP: 26
579283 -1 579285 -1 #SUP: 20
579284 -1 579202 -1 #SUP: 23
579284 -1 579283 -1 #SUP: 26
579284 -1 579285 -1 #SUP: 53
579285 -1 579114 -1 #SUP: 44
579285 -1 579200 -1 #SUP: 30
579285 -1 579201 -1 #SUP: 27
579285 -1 579202 -1 #SUP: 48
579285 -1 579203 -1 #SUP: 42
579285 -1 579283 -1 #SUP: 24
579285 -1 579284 -1 #SUP: 48
579285 -1 579285 -1 #SUP: 33
579286 -1 579285 -1 #SUP: 29
579289 -1 579285 -1 #SUP: 27
579918 -1 579917 -1 #SUP: 21
579931 -1 579932 -1 #SUP: 29
579931 -1 579941 -1 #SUP: 21
579941 -1 534170 -1 #SUP: 29
579941 -1 579931 -1 #SUP: 23
579942 -1 534166 -1 #SUP: 26
579942 -1 534167 -1 #SUP: 25
579943 -1 534166 -1 #SUP: 20
579998 -1 579978 -1 #SUP: 28
